1000	34		75.57441447716883
2000	57		92.91704941389844
3000	135		283.5535785339598
4000	150		245.98991579231006
5000	115		211.00300976121616
6000	117		223.91919798103118
7000	108		165.4677231428559
8000	167		345.72707760862613
9000	147		266.75946164425113
10000	82		175.46794678345395
11000	56		133.19364232071166
12000	127		244.78270739947402
13000	207		417.6705939113126
14000	189		389.85159298223516
15000	202		376.6862492004875
16000	236		500.4467118720895
17000	240		456.87879930577037
18000	209		417.27732501706487
19000	191		421.38376379305555
20000	114		217.30498797511245
21000	152		298.85641564520483
22000	81		164.98570128347637
23000	139		254.58383233971836
24000	73		163.1616405318855
25000	76		186.33603940169996
26000	111		206.67075525147084
27000	28		45.43032399508229
28000	109		224.28359127338626
29000	130		256.54961871974956
30000	178		416.1014874294051
31000	163		303.9993082712972
32000	199		385.8635661404842
33000	244		504.73640572853037
34000	226		433.8384900063829
35000	235		533.2222426899243
36000	148		296.35744071629597
37000	147		268.1576364532957
38000	165		310.53667937847786
39000	185		334.39863440462796
40000	197		375.3995226179395
41000	162		330.10845625645015
42000	229		443.6775340923632
43000	192		460.23348862044804
44000	228		419.85361508656933
45000	161		331.40697524076677
46000	164		321.1800535470684
47000	210		429.12585756801127
48000	229		468.8533648464363
49000	197		413.96305103375926
50000	219		420.5577816332516
51000	220		449.14694683834387
52000	201		470.81849347070965
53000	207		363.35519925149856
54000	242		487.94560494841426
55000	247		496.84925894025946
56000	239		511.3918906144536
57000	242		508.12465365340177
58000	221		476.28173768571287
59000	331		568.0719746887626
60000	327		660.3804049705504
61000	336		686.04517467806
62000	411		805.5520923335862
63000	335		666.8644022574153
64000	390		780.4967949262937
65000	366		726.325581174402
66000	346		754.3356910804578
67000	315		658.0541110453778
68000	309		683.5745406789938
69000	285		585.4348059277108
70000	307		634.4212467128527
71000	369		683.3744505762879
72000	363		707.6789098423324
73000	329		607.5688220940647
74000	240		478.20597170310793
75000	216		424.59448264728417
76000	338		665.1050325827964
77000	343		663.9517537117063
78000	345		676.2762337607855
79000	360		650.7276308747532
80000	364		710.0630114061933
81000	301		621.7497192896844
82000	309		630.084532599838
83000	329		652.1701620049716
84000	364		738.134622478945
85000	373		720.5805667765962
86000	287		599.494492542377
87000	271		557.312228578754
88000	202		440.57925095249084
89000	167		351.44647181400796
90000	188		364.2790921231208
91000	159		337.1041528667556
92000	154		308.6537091846694
93000	152		299.6729625671287
94000	128		276.30866426290595
95000	153		292.0022479619947
96000	171		323.77488426686614
97000	178		328.83262629568344
98000	170		351.18171509480453
99000	153		322.83299132308457
100000	73		172.80325022197212
101000	94		202.5251557462907
102000	116		199.47588039858965
103000	123		224.0758854895248
104000	124		202.75438335441868
105000	230		411.14337638174766
106000	210		417.92094123363495
107000	204		403.30471644655336
108000	170		355.74578951630974
109000	260		549.8217741607805
110000	214		446.86007863123086
111000	97		190.4906309573853
112000	71		124.72218985395739
113000	60		106.80836337647634
114000	36		57.43287272343878
115000	132		241.53081182576716
116000	19		42.3901782920002
117000	48		85.51105753827142
118000	75		142.6324982024962
119000	54		104.06721217537415
120000	16		26.704900516197085
121000	21		47.118457151635084
122000	37		70.43385137067526
123000	24		51.570980378077365
124000	71		148.95504116127267
125000	120		253.3471071194508
126000	59		154.4561194877897
127000	71		142.13322828672244
128000	93		177.60015481043956
129000	93		173.75204224066692
130000	41		93.98696711673983
131000	91		185.19571178831393
132000	151		306.83276579127414
133000	191		381.2602921964717
134000	154		296.25947788439225
135000	175		376.2856531275902
136000	186		396.7629222490359
137000	166		385.9412766396417
138000	207		390.7533497384866
139000	181		342.554130532837
140000	126		274.55360162019497
141000	96		201.35659844626207
142000	13		24.364754000445828
143000	25		61.527816703310236
144000	73		142.06152349861804
145000	82		165.59405013540527
146000	159		296.78041790402494
147000	223		441.8296693650773
148000	205		393.2149904035032
149000	221		450.7956668122788
150000	209		402.489964516717
151000	169		339.91277301945956
152000	169		323.416643717268
153000	204		408.8487324164598
154000	142		294.9542212813394
155000	158		302.1768470706884
156000	169		330.5771152446396
157000	176		359.28382871713256
158000	126		245.73856902570697
159000	119		267.61469009623397
160000	109		208.4916990250931
161000	105		197.12827750807628
162000	96		201.0312330084853
163000	125		241.54281817551237
164000	233		472.0194962839014
165000	201		385.8234745474183
166000	261		465.4473345519509
167000	291		541.132288670342
168000	263		496.3932816994493
169000	252		468.23053546686424
170000	219		423.9806529209018
171000	209		419.78964254044695
172000	179		341.3796741393744
173000	206		395.1981187543133
174000	198		400.8374460886698
175000	282		544.9877397918026
176000	223		445.41088867693907
177000	222		398.0207679080777
178000	144		327.9007828538306
179000	95		204.07213024562225
180000	134		259.22213625040604
181000	211		379.94607128965436
182000	171		327.04509069788037
183000	175		373.0270443969639
184000	160		314.1936399571714
185000	122		287.72572889598086
186000	105		248.85149463423295
187000	113		252.96664334996603
188000	134		320.7620533488225
189000	107		237.9712440185831
190000	146		274.054185822024
191000	102		219.70733621536056
192000	190		363.80612303095404
193000	164		300.0392573667923
194000	109		176.89632205932867
195000	137		281.6104949893197
196000	147		316.00107695232145
197000	151		336.4794535312103
198000	168		359.18806897406466
199000	157		311.7706536865444
200000	225		425.83570129191503
201000	272		521.8639207364758
202000	201		422.5193454110995
203000	203		425.6713891076506
204000	180		368.66459814750124
205000	182		407.13806210568873
206000	165		326.2294102271553
207000	140		276.57203006901545
208000	182		366.4266669266508
209000	184		377.76131000282476
210000	104		226.61735081631923
211000	63		115.82006702333456
212000	2		0.9152898770407774
213000	19		52.89813273178879
214000	6		18.000437480164692
215000	49		97.7120034142863
216000	90		176.8613749803044
217000	92		170.12525983294472
218000	64		114.53482207516208
219000	36		64.69509944366291
220000	29		62.40109537105309
221000	2		3.5229045607266016
222000	38		94.12226243357873
223000	15		35.32613040495198
224000	52		85.50096854288131
225000	2		5.465158113103826
226000	24		72.85568766546203
227000	18		37.045293307164684
228000	50		137.11392192647327
229000	67		124.3619960367796
230000	79		143.05425370758167
231000	44		87.67699330690084
232000	0		0.966188765654806
233000	30		59.972092551295646
234000	58		96.4041748745367
235000	124		201.6207333020866
236000	138		270.7511790074641
237000	144		292.1247183814412
238000	176		329.04489223624114
239000	203		434.41995578975184
240000	274		504.6439571743249
241000	287		527.5418264315231
242000	257		514.9318267680937
243000	185		397.0825595749193
244000	250		527.3545939280884
245000	251		524.9013566949288
246000	259		571.2193217405002
247000	267		537.7219847011729
248000	362		715.6853383373818
249000	329		688.2387421821477
250000	309		633.8625262543792
251000	251		556.5612708444241
252000	307		597.2671465988969
253000	301		636.9619361249497
254000	297		642.9242964960285
255000	246		475.4620092928526
256000	301		629.7942700005369
257000	317		671.9103826230858
258000	238		492.53136125940364
259000	324		567.8283815383329
260000	278		570.9893974674633
261000	298		574.1302953608101
262000	262		510.2108558805776
263000	212		416.23666127061006
264000	253		531.7568048854591
265000	276		538.1722545207012
266000	273		569.2733309890609
267000	348		680.5460341083817
268000	412		725.5553998537362
269000	399		912.0441264525289
270000	458		884.4829277597601
271000	441		921.4631264434429
272000	471		1012.2208156717243
273000	524		1025.404971025302
274000	519		1074.4437360196607
275000	539		1064.1721816225909
276000	541		1099.9596009074012
277000	518		1086.5381493555615
278000	535		1105.7682353155687
279000	525		1010.9003748290706
280000	510		1011.9513272197219
281000	591		1113.7750420360826
282000	565		1160.8247075575637
283000	668		1238.1026446808828
284000	749		1373.9814448694233
285000	793		1521.151767048752
286000	805		1557.75904760079
287000	807		1607.0417832391104
288000	876		1710.092587418505
289000	859		1738.7415749385254
290000	827		1765.8810944259167
291000	921		1704.438743018778
292000	941		1880.8149168892996
293000	998		1946.5745791853406
294000	1036		2005.1213653356535
295000	1079		2131.5138740689727
296000	1069		2103.6954833656782
297000	1081		2205.9138495156076
298000	1045		2058.310912041343
299000	1084		2141.006075007259
300000	1084		2204.050330933067
301000	1096		2111.811109707458
302000	1148		2276.1071160020074
303000	1212		2266.2568712236825
304000	1219		2407.886365667102
305000	1259		2486.791169012431
306000	1240		2510.958978796494
307000	1251		2504.743954465026
308000	1230		2434.7618260649033
309000	1141		2358.9447833164595
310000	1088		2255.3690215802053
311000	1178		2261.270702112699
312000	1108		2299.6258960134583
313000	1082		2275.8328111248557
314000	1086		2290.0948145999573
315000	1050		2148.9587791840313
316000	1068		2194.67132244783
317000	1063		2194.902437046636
318000	1048		2063.5492490326287
319000	1097		2119.5050408502575
320000	1096		2119.0624355244217
321000	1070		2085.5354990877677
322000	977		2038.071552286041
323000	987		1932.446023208904
324000	945		1958.5678916248726
325000	966		1944.3747247005813
326000	1059		2060.9521054457873
327000	984		2001.9053113067057
328000	966		1895.1970599755878
329000	944		1918.6130569428205
330000	984		1957.4831524261972
331000	1050		2040.0048088912154
332000	1080		2052.0697195271496
333000	1083		2231.8987604511203
334000	1157		2259.6196487845154
335000	1138		2312.5951658705017
336000	1162		2288.076700417674
337000	1087		2137.375440116157
338000	1085		2158.714193871594
339000	1039		2131.022432759637
340000	987		2019.0738476355327
341000	920		1869.28989369364
342000	852		1783.4121737598907
343000	924		1811.3993597318185
344000	891		1819.3667288764846
345000	870		1716.7927410119446
346000	901		1776.2870954134269
347000	908		1806.8478796329582
348000	904		1789.3181549013825
349000	905		1832.5454713111976
350000	910		1793.4902179196943
351000	948		1859.1617564794142
352000	1001		1932.779082625988
353000	970		1958.6581085824873
354000	951		1932.09817198792
355000	985		1894.3989493399858
356000	988		1909.0955384694971
357000	1038		1964.2951284212759
358000	1065		2040.4731696964009
359000	1137		2316.9465908585116
360000	1123		2189.9130233017495
361000	1155		2172.238716354128
362000	1147		2291.435350758722
363000	1060		2172.5148368736263
364000	1071		2187.937435468426
365000	1036		2176.5402618687367
366000	1051		2071.976439394057
367000	1094		2175.338544976781
368000	1148		2234.7164527826244
369000	1211		2268.4035202651285
370000	1250		2435.161352423136
371000	1281		2445.9862930229865
372000	1250		2458.115261399187
373000	1290		2515.3067284621065
374000	1216		2458.967218042002
375000	1213		2444.31708461768
376000	1207		2447.2690694318153
377000	1250		2454.548074221704
378000	1371		2623.095166184823
379000	1368		2597.711861447431
380000	1397		2698.9744929418666
381000	1383		2730.4701321723405
382000	1374		2798.4682568185963
383000	1437		2742.9225810579956
384000	1472		2867.322078052559
385000	1446		2882.5166002847254
386000	1404		2892.219780528103
387000	1478		2870.1204739225795
388000	1509		2846.3500970641617
389000	1505		3010.5202517032158
390000	1547		3064.32610475854
391000	1554		3079.9048907038523
392000	1499		3066.713568934356
393000	1493		3123.4747324311174
394000	1430		3007.732621836476
395000	1365		2763.1244609565474
396000	1346		2777.3224331672536
397000	1418		2856.014604695607
398000	1423		2882.5707701150095
399000	1497		2885.0448163700057
400000	1559		3016.985263647046
401000	1632		3186.467781673884
402000	1608		3287.3268414677586
403000	1569		3271.250649715541
404000	1598		3243.9826108558336
405000	1525		3246.741395327146
406000	1509		3017.225351318135
407000	1468		2937.7446042146767
408000	1469		2926.379030841985
409000	1405		2897.3885107440874
410000	1378		2797.789294034359
411000	1436		2786.716242140741
412000	1387		2863.419010014157
413000	1344		2653.8295583904255
414000	1347		2610.669558076537
415000	1308		2663.9864173932
416000	1288		2540.391423591296
417000	1270		2623.2587066879496
418000	1261		2478.8696320090676
419000	1232		2446.1886049908353
420000	1250		2491.368176185875
421000	1223		2473.8035982321016
422000	1221		2476.258931373013
423000	1297		2553.1542040661443
424000	1320		2523.398626330425
425000	1334		2661.247732484364
426000	1349		2717.641682260786
427000	1298		2619.245621767943
428000	1277		2609.364206160535
429000	1290		2589.909803303075
430000	1288		2590.3699603517307
431000	1285		2569.858085047803
432000	1274		2522.1276375215966
433000	1292		2531.891715738573
434000	1341		2641.02045579697
435000	1313		2644.8594658657676
436000	1356		2670.7142688658787
437000	1343		2552.0139298004797
438000	1401		2716.4832779511344
439000	1389		2796.251735887723
440000	1396		2781.014449602226
441000	1343		2645.373647794593
442000	1310		2710.6956771427067
443000	1324		2659.2368155411677
444000	1322		2568.4770387184108
445000	1276		2600.027798866271
446000	1244		2545.860470173531
447000	1214		2531.134195453953
448000	1173		2332.0682252971455
449000	1111		2347.0696736533428
450000	1135		2244.7507870193804
451000	1191		2341.795277893776
452000	1221		2419.652668680763
453000	1192		2413.267742783646
454000	1239		2437.5586332957027
455000	1270		2418.557395887561
456000	1251		2449.231993280817
457000	1278		2517.642533581471
458000	1310		2625.103290930507
459000	1357		2744.3029631278478
460000	1372		2775.3477960020537
461000	1422		2789.1626905887388
462000	1497		2905.2277059956687
463000	1503		3045.070209083031
464000	1455		2999.3402771500405
465000	1456		2953.12405879132
466000	1455		2866.2265561432578
467000	1371		2816.304304697551
468000	1420		2864.659234244842
469000	1428		2896.364753552014
470000	1320		2705.7234133858
471000	1308		2606.434037475381
472000	1288		2555.7392740689684
473000	1286		2545.028157624649
474000	1344		2631.6790931548458
475000	1401		2698.104386421619
476000	1373		2691.6092244545
477000	1384		2728.4567784423707
478000	1343		2721.5667920197593
479000	1336		2848.1925469280686
480000	1398		2673.9099484466715
481000	1391		2704.2580471483525
482000	1397		2830.6580964769237
483000	1323		2728.253221232444
484000	1334		2749.392126175575
485000	1373		2744.08823270211
486000	1353		2728.0254443605663
487000	1409		2642.7768175295787
488000	1392		2690.352176968823
489000	1418		2846.1773145995103
490000	1413		2868.6407886273228
491000	1404		2831.9262000872986
492000	1426		2832.0678037831094
493000	1418		2889.994441729039
494000	1450		2875.165007246309
495000	1451		2876.05375535402
496000	1416		2932.6068899638485
497000	1341		2723.3800636107335
498000	1320		2619.7420308957808
499000	1384		2636.3732550060377
500000	1412		2728.722585993004
501000	1410		2689.346836358658
502000	1467		2954.4954859727295
503000	1418		2894.9593469422543
504000	1405		2942.897452970501
505000	1387		2918.986916871625
506000	1325		2756.3421775777824
507000	1320		2668.7176221290138
508000	1330		2700.692485185922
509000	1350		2711.241619272623
510000	1397		2769.0982174865203
511000	1456		2804.1290942598134
512000	1403		2776.456653421279
513000	1448		2762.0603017663816
514000	1478		2891.371485459269
515000	1529		3068.005665255594
516000	1501		3034.0648633673554
517000	1490		3019.9834039041307
518000	1408		2824.2257747512776
519000	1507		2943.0972179556265
520000	1503		2992.0315729887225
521000	1513		3118.0578676025616
522000	1459		2972.709176903474
523000	1505		3006.58224490087
524000	1526		2908.610252934741
525000	1569		3120.070755502791
526000	1575		3120.028901363956
527000	1565		3149.795623468235
528000	1546		3152.154553350527
529000	1569		3177.400120548904
530000	1567		3113.4083442485426
531000	1551		3135.4477928366978
532000	1594		3094.898949146038
533000	1646		3200.6564722410403
534000	1607		3217.4577708377037
535000	1595		3239.1150916912593
536000	1558		3167.9806767906994
537000	1581		3173.855632344028
538000	1562		3170.526731328806
539000	1572		3099.1146208762657
540000	1569		3169.8613244413864
541000	1508		3136.8103729172144
542000	1531		3125.6592900401447
543000	1473		2860.9657504044008
544000	1485		2998.2154711794574
545000	1466		2938.0580986847635
546000	1405		2785.3918640518095
547000	1433		2959.6102570567746
548000	1412		2892.4716274749953
549000	1438		2924.8010734091513
550000	1478		2834.4513887558132
551000	1536		3066.8653610644396
552000	1555		3044.496508644661
553000	1557		3077.5047989357263
554000	1538		3054.7845968003385
555000	1492		2994.8169763684273
556000	1569		3059.6252394325566
557000	1586		3032.327451882651
558000	1605		3174.936708119232
559000	1632		3187.828403025167
560000	1657		3393.4841814911924
561000	1651		3385.8954699798487
562000	1697		3220.9913214056287
563000	1700		3264.762269449886
564000	1766		3512.857491860399
565000	1823		3680.7939754775725
566000	1820		3787.5411300626583
567000	1743		3642.719609106891
568000	1694		3515.9984719355125
569000	1732		3528.0324738984928
570000	1780		3562.270670138998
571000	1731		3352.7587436593603
572000	1802		3536.0602956730872
573000	1738		3501.169667950133
574000	1784		3604.1835918070283
575000	1847		3511.8459546184167
576000	1856		3606.8833920063917
577000	1849		3597.0297503923066
578000	1839		3609.141422475921
579000	1863		3656.5189452720806
580000	1917		3727.660586925689
581000	1941		3732.4912714802194
582000	1957		3871.4129092949443
583000	1866		3864.569701666478
584000	1882		3908.949938534526
585000	1847		3605.3671739164274
586000	1806		3656.9365001383703
587000	1888		3676.8055328363553
588000	1837		3708.901357904775
589000	1805		3729.9844510063995
590000	1803		3620.608861590503
591000	1812		3664.329988241894
592000	1840		3668.1655065440573
593000	1806		3648.543388211401
594000	1822		3708.975310038775
595000	1812		3682.469195374055
596000	1799		3623.5188307198696
597000	1850		3728.5785037146416
598000	1824		3583.448274936527
599000	1842		3577.3683889100794
600000	1856		3560.3019327875227
601000	1866		3702.0907116681337
602000	1832		3690.9416341427714
603000	1907		3786.1656051718164
604000	1876		3708.4621605351567
605000	1826		3712.815060838824
606000	1843		3700.6715482841246
607000	1856		3689.3342580348253
608000	1878		3760.299651470734
609000	1918		3804.0099280402064
610000	1900		3813.0332457660697
611000	1879		3816.0957270844374
612000	1847		3772.3493438034784
613000	1884		3766.645364902215
614000	1893		3668.299441493349
615000	1836		3694.2696704186965
616000	1799		3703.3768943764735
617000	1884		3696.259950055275
618000	1849		3766.833522894187
619000	1858		3874.3480195063166
620000	1885		3775.422259649029
621000	1871		3766.2756134488154
622000	1832		3718.1823609054554
623000	1845		3633.67047614092
624000	1887		3680.3764182445593
625000	1924		3828.2765599293634
626000	1974		3921.553371501155
627000	1973		3951.311303700786
628000	1889		3877.538258383516
629000	1829		3853.863687336212
630000	1849		3819.1874116053805
631000	1844		3667.973534378456
632000	1859		3620.0863315723836
633000	1895		3750.9135255557485
634000	1948		3898.153766137082
635000	1955		3926.015811244026
636000	1934		3841.8623390474822
637000	1984		3885.45981133217
638000	1979		3924.75029553473
639000	2030		4019.96381933894
640000	1975		3985.7491577102337
641000	1998		4094.2961206946056
642000	2027		4026.057607932482
643000	1994		3872.150016959524
644000	1987		3855.9566127802245
645000	1971		3974.470696547767
646000	1980		3985.363560872851
647000	2044		4025.6161468036007
648000	2082		4142.010966678383
649000	2127		4177.553025290137
650000	2130		4148.642181807198
651000	2150		4220.64084410225
652000	2090		4243.451073516859
653000	2075		4319.4268434108235
654000	2107		4301.63401365676
655000	2104		4182.311293278588
656000	2045		4118.3362823906355
657000	2086		4228.736563862534
658000	1997		4027.422167294193
659000	2056		4066.030147411395
660000	2062		4061.4262763608713
661000	2037		4097.993465756532
662000	2087		4156.630608774722
663000	2144		4173.672923759092
664000	2202		4263.243191546295
665000	2245		4483.569223042112
666000	2290		4601.43251984776
667000	2337		4643.382384235738
668000	2277		4561.732204397675
669000	2263		4647.067668120144
670000	2293		4661.841370061273
671000	2242		4578.715968068223
672000	2249		4460.3074972343165
673000	2271		4496.976263694232
674000	2326		4606.209680031054
675000	2416		4672.153868173715
676000	2419		4630.191799480235
677000	2429		4777.8067272929475
678000	2485		4920.420599459903
679000	2502		4912.42064934643
680000	2506		4964.438997176243
681000	2466		5011.955364127876
682000	2469		5030.6070315446705
683000	2446		4974.166853737785
684000	2412		4833.353432361502
685000	2438		4813.789688623976
686000	2439		4837.3097815273795
687000	2446		4835.253682809416
688000	2430		4862.8781796442345
689000	2450		4981.095468550455
690000	2402		4963.96063809027
691000	2332		4889.012207348831
692000	2244		4713.628965667449
693000	2218		4607.020310456632
694000	2147		4336.472476413706
695000	2118		4292.4924570654985
696000	2079		4259.611184005393
697000	1963		4089.2605721422005
698000	1955		4001.990349712549
699000	1902		3879.372112730751
700000	1834		3838.6911221351475
701000	1853		3809.825476496946
702000	1821		3679.689422976924
703000	1759		3685.6359525828157
704000	1787		3562.422040055506
705000	1784		3443.5141055567656
706000	1751		3462.0566938919947
707000	1778		3590.1467982213944
708000	1860		3761.1812612507492
709000	1794		3674.236467769835
710000	1850		3710.663150987588
711000	1883		3811.413740304066
712000	1952		3807.3001039647497
713000	1949		3848.766174365999
714000	1884		3875.1952149095014
715000	1895		3821.1814526317175
716000	1827		3619.4275457109325
717000	1812		3639.1478311452083
718000	1791		3630.430042446824
719000	1763		3528.4131857361645
720000	1731		3616.6000767024234
721000	1637		3437.169467299711
722000	1568		3203.868244657526
723000	1601		3203.99168979167
724000	1673		3222.667045203969
725000	1658		3248.3260981931817
726000	1622		3236.729704445228
727000	1637		3241.514651658479
728000	1597		3216.50001720828
729000	1609		3139.0735821409617
730000	1614		3213.3536967742257
731000	1522		3154.9190344505478
732000	1595		3097.85183193977
733000	1639		3138.8165288304444
734000	1567		3224.1010009197053
735000	1590		3245.977547316812
736000	1665		3202.7518332554027
737000	1631		3106.354497519089
738000	1607		3313.4145977131557
739000	1587		3206.852165338816
740000	1544		3121.917544942349
741000	1611		3169.317084162496
742000	1658		3350.4956130047794
743000	1592		3303.1250154851004
744000	1563		3214.6547424062155
745000	1619		3016.89710800373
746000	1634		3156.5703138490207
747000	1666		3338.142054625787
748000	1641		3301.725677333772
749000	1635		3273.812459212262
750000	1722		3361.9509814179037
751000	1758		3368.559067341266
752000	1747		3482.4839300960302
753000	1824		3555.9136893532705
754000	1839		3586.859686988173
755000	1972		3696.161638229387
756000	1844		3670.6359198931605
757000	1805		3724.639145565685
758000	1822		3698.0903504970483
759000	1768		3683.5455313972197
760000	1780		3599.049808817217
761000	1722		3427.9995192107745
762000	1702		3524.447939443402
763000	1739		3545.2273289144505
764000	1716		3424.879717723932
765000	1640		3395.309036802035
766000	1672		3376.6730082472786
767000	1678		3298.660471937852
768000	1659		3296.1236888975836
769000	1655		3363.3466011732817
770000	1625		3202.9358616713434
771000	1562		3293.8964992358815
772000	1609		3221.470335761318
773000	1632		3180.8231507628225
774000	1648		3310.0072209348436
775000	1617		3244.141386354342
776000	1605		3222.305291275028
777000	1634		3220.183948289836
778000	1666		3209.0057596710976
779000	1597		3222.594190387521
780000	1638		3240.371954690665
781000	1602		3159.6848734214436
782000	1451		2967.4664480467327
783000	1500		3053.090145268012
784000	1495		3044.3096327825915
785000	1437		2926.784325366607
786000	1494		2927.1585574371275
787000	1499		2970.334207163425
788000	1459		2951.6636964774225
789000	1422		2938.8581166737713
790000	1467		2924.158883520402
791000	1439		2855.516765078064
792000	1435		2849.6870588031597
793000	1376		2818.162923525786
794000	1500		2877.7614323333837
795000	1491		3008.956257402664
796000	1509		2996.9539587658364
797000	1467		2924.8571440498345
798000	1514		2935.303415042814
799000	1518		3024.485083156731
800000	1468		2983.622328113299
801000	1511		2993.9078503542114
802000	1488		3075.827917387942
803000	1503		3131.933356014546
804000	1566		3168.094334129244
805000	1436		2932.019338840386
806000	1374		2901.39284007065
807000	1403		2860.8564603384584
808000	1459		2925.2571882330813
809000	1511		2918.084504004568
810000	1512		3078.537408466451
811000	1516		3033.933666142868
812000	1460		3037.7667024293914
813000	1483		2975.6223636963405
814000	1456		2869.125276562525
815000	1450		2842.843746458646
816000	1424		2797.6420026123524
817000	1371		2756.7580051058903
818000	1331		2694.2525878066663
819000	1278		2667.19806893263
820000	1272		2543.0200718927663
821000	1210		2499.510183614446
822000	1209		2559.0417585754767
823000	1217		2442.004007594427
824000	1192		2366.3901037394535
825000	1174		2450.123170892941
826000	1258		2406.39972404507
827000	1302		2426.7165476013906
828000	1239		2498.937172406353
829000	1225		2458.935247493442
830000	1251		2551.9739767403807
831000	1238		2529.140215486521
832000	1246		2501.977415047819
833000	1111		2437.6131804904435
834000	1147		2279.429422513349
835000	1084		2200.979622569168
836000	1040		2169.749814512441
837000	975		2046.270656982204
838000	944		1908.3760533758905
839000	891		1787.9634321969934
840000	877		1808.4018737142906
841000	868		1790.1851456002332
842000	865		1780.767620872939
843000	865		1678.4757664150093
844000	849		1714.45654552849
845000	829		1691.0521185654216
846000	747		1588.438668928342
847000	746		1517.9303835744504
848000	707		1419.1414049647283
849000	652		1337.4432720942423
850000	675		1344.4789206150454
851000	667		1326.7515921345912
852000	681		1355.6465216847137
853000	714		1426.6796628281008
854000	630		1272.0812323573045
855000	587		1149.0613205460832
856000	612		1312.0967369498685
857000	598		1202.5986173579004
858000	576		1120.972232165048
859000	578		1240.667371410178
860000	595		1067.3773445205297
861000	689		1386.107156925369
862000	791		1441.5291654583998
863000	781		1578.580794858979
864000	679		1446.5720410640351
865000	701		1392.3804947824683
866000	675		1365.98927837261
867000	683		1357.027721482329
868000	661		1424.7794843362644
869000	727		1447.2904330580495
870000	834		1559.8485638538841
871000	804		1667.475116029149
872000	841		1648.4305090713315
873000	896		1833.3219965379685
874000	940		1801.5089281427208
875000	897		1795.9894201538991
876000	855		1664.4536551255733
877000	906		1722.18466647272
878000	876		1788.9570614537224
879000	884		1781.935398616828
880000	927		1831.0633878232911
881000	946		1872.2130333131645
882000	929		1881.3980388180353
883000	954		1908.5412022173405
884000	950		1889.0793794987258
885000	884		1882.298270283034
886000	855		1760.1233846691903
887000	937		1770.1624078536406
888000	932		1915.7781773586757
889000	950		1890.9468769179657
890000	912		1852.3068934918847
891000	915		1822.823618470924
892000	970		1832.7588733877055
893000	955		1960.5070126368664
894000	925		1871.7013835080434
895000	961		1888.3543917734642
896000	925		1915.0878251332324
897000	908		1854.0508537646383
898000	902		1843.5284410682507
899000	863		1769.3625706674065
900000	852		1730.548205172643
901000	882		1782.2223103144206
902000	886		1739.5322415267583
903000	777		1742.5010063590016
904000	831		1655.8906696666963
905000	795		1640.8083335927222
906000	732		1526.818265682552
907000	688		1407.3667898266576
908000	735		1492.1433849313762
909000	781		1518.0504644236062
910000	795		1536.0374218297657
911000	815		1625.6635530365165
912000	790		1589.8228609689977
913000	733		1538.4384054343682
914000	702		1482.0186809683219
915000	682		1371.480839196127
916000	718		1383.9911828001495
917000	692		1390.9921078325715
918000	732		1390.042130769929
919000	751		1392.267110380344
920000	768		1545.7103018676862
921000	740		1485.1569979372434
922000	766		1541.8660181609448
923000	749		1534.320319917053
924000	789		1522.2877404058818
925000	794		1586.9141289973632
926000	819		1662.8916841871105
927000	816		1652.7358635584824
928000	753		1551.3154760666657
929000	714		1399.4236955768429
930000	683		1358.3543716629501
931000	680		1299.206273744814
932000	676		1349.55315801478
933000	654		1339.5569757404737
934000	666		1215.6636068983935
935000	662		1303.666985581629
936000	666		1412.3351399160456
937000	670		1305.0652748609427
938000	645		1321.5543009238318
939000	683		1349.8194481695537
940000	607		1313.3829559870064
941000	578		1194.8460783211049
942000	524		1060.6397610737476
943000	534		1056.9871159505565
944000	514		1004.8521934065502
945000	554		1042.6208729324862
946000	519		1099.3799935684074
947000	545		1114.4983777359594
948000	539		1012.3416906904895
949000	479		976.0162462552544
950000	475		994.3591647229623
951000	471		893.4061211035587
952000	446		1024.1471755958628
953000	488		980.0308651570231
954000	501		1040.0840502129868
955000	494		1000.1608148501255
956000	473		932.6757158925757
957000	534		1137.301704522688
958000	543		1039.011231795419
959000	554		1122.2981907022186
960000	537		1077.2104801102541
961000	531		1064.003227786161
962000	490		1035.0648796479218
963000	537		1068.4181172943208
964000	450		965.8965957171749
965000	493		1005.888569423696
966000	491		1038.54472419573
967000	490		1049.2099868296646
968000	567		1111.8879856294952
969000	611		1153.6811381981242
970000	666		1361.4560759507585
971000	673		1327.1326807320584
972000	693		1336.6396021731198
973000	700		1311.5660540647805
974000	615		1246.7099418516736
975000	621		1234.4698258044664
976000	591		1202.2835015584715
977000	542		1069.0861877221614
978000	480		965.0290295770392
979000	560		1033.057281295536
980000	473		1052.5419876358937
981000	441		892.6239894325845
982000	488		942.3950549988076
983000	473		978.2004143707454
984000	408		848.1181379368063
985000	364		764.1307974709198
986000	307		627.369987799786
987000	272		532.0867343372665
988000	312		644.0418429111596
989000	353		670.7461978038773
990000	395		760.0974430446513
991000	403		833.0240385304205
992000	385		805.7827999982983
993000	395		846.4135040820111
994000	412		901.37751543778
995000	438		825.06649732613
996000	432		845.6782128976192
997000	346		704.4325413457118
998000	342		696.8951547499746
999000	301		623.973653933499
1000000	296		598.6001384975389
1001000	315		664.7806210452691
1002000	333		646.1820598349441
1003000	326		659.2770531787537
1004000	344		695.0231494333129
1005000	316		659.1050115849357
1006000	360		690.0898006064817
1007000	334		742.805258379085
1008000	318		620.1179661606438
1009000	309		672.3488029856235
1010000	278		616.8789404234849
1011000	310		549.5199963496998
1012000	315		623.5876437348779
1013000	368		724.9042686112225
1014000	365		735.798583446769
1015000	363		676.9018419566564
1016000	335		636.8531202231534
1017000	387		816.4338310856838
1018000	383		775.4533344625961
1019000	383		798.6117448871955
1020000	423		771.5036144538317
1021000	480		992.842821981525
1022000	498		985.3792838556692
1023000	489		934.1516592456028
1024000	455		890.2682907732669
1025000	491		970.1441128673032
1026000	494		939.6295582125895
1027000	464		954.3227168924641
1028000	529		1068.9333828336094
1029000	551		1057.3548195750918
1030000	562		1111.8713379858527
1031000	628		1233.1898839303758
1032000	638		1262.984276307514
1033000	582		1218.215443205554
1034000	498		948.1024206711445
1035000	541		1090.8516170817893
1036000	402		863.6552553374786
1037000	511		943.1876773796976
1038000	555		1048.055332268821
1039000	592		1262.5554784503765
1040000	576		1162.3920239210129
1041000	542		1092.6706686301623
1042000	585		1175.383601519512
1043000	545		1171.6368076771032
1044000	587		1071.14117332967
1045000	632		1239.371861896012
1046000	616		1240.8625511508435
1047000	670		1311.0341736238915
1048000	645		1317.9796258020215
1049000	675		1282.529380273074
1050000	632		1334.2622503829189
1051000	612		1195.5741036101244
1052000	575		1113.7587265102193
1053000	582		1155.8006287966855
1054000	602		1185.6574848578312
1055000	635		1228.461278842762
1056000	594		1256.296918101143
1057000	658		1342.9512688452378
1058000	581		1273.1899998290464
1059000	524		1077.7823540014215
1060000	449		874.7341639325023
1061000	363		764.3897414547391
1062000	333		673.32162287971
1063000	341		617.2329823528416
1064000	336		686.7821756456979
1065000	256		564.916635654401
1066000	196		452.84465344808996
1067000	211		437.9364875010215
1068000	275		528.7475998345762
1069000	321		633.4305633087642
1070000	306		675.9913659971207
1071000	412		781.9600888169371
1072000	430		790.9612343665212
1073000	448		859.1872819517739
1074000	500		991.2337908879854
1075000	435		937.9136768938042
1076000	423		871.9702747571282
1077000	412		793.577661767602
1078000	338		715.867487391457
1079000	335		673.3815421396866
1080000	274		577.34863445675
1081000	312		593.1351838884875
1082000	303		635.5573549815454
1083000	312		631.3003395390697
1084000	342		718.6361314812675
1085000	354		765.0916246208362
1086000	374		724.6516788220033
1087000	407		816.951363989152
1088000	394		783.9477842501365
1089000	470		938.7930181673728
1090000	468		934.4071521437727
1091000	426		913.1516302786767
1092000	408		844.776872318238
1093000	367		783.903494966682
1094000	339		704.426123465877
1095000	335		650.2072443836369
1096000	379		749.264663237147
1097000	405		843.2422179067507
1098000	412		803.666666911915
1099000	421		864.6158600165509
1100000	347		724.6488119857386
1101000	277		580.7013825215399
1102000	326		624.1001277328469
1103000	330		633.942846975755
1104000	319		631.957546794787
1105000	266		560.6428399588913
1106000	329		655.2987390719354
1107000	321		643.5852822554298
1108000	327		582.9737712373026
1109000	306		617.7874655541964
1110000	402		778.9825788331218
1111000	400		755.6861373982392
1112000	399		784.4117433428764
1113000	411		744.2373765306547
1114000	406		850.1996014975011
1115000	396		856.7844650489278
1116000	396		803.7769227721728
1117000	307		624.3662811378017
1118000	316		646.5211304095574
1119000	429		850.6864831782877
1120000	428		937.6875743414275
1121000	391		802.3848176882602
1122000	355		743.7182779740542
1123000	404		819.3889261218719
1124000	452		946.2128767515533
1125000	475		925.9700189363211
1126000	454		959.7461662441492
1127000	458		870.9726038211957
1128000	408		824.4315971969627
1129000	408		833.156525767874
1130000	507		949.4763371371664
1131000	551		1078.5534457056783
1132000	499		1046.0198491285555
1133000	484		936.8534762575291
1134000	469		930.804521205835
1135000	464		956.6672332882881
1136000	406		848.2054481417872
1137000	396		793.4379773577675
1138000	344		733.8649248098955
1139000	360		682.6964999651536
1140000	410		841.4635987160727
1141000	496		994.1816172893159
1142000	510		1015.37501924159
1143000	507		1014.7206284492277
1144000	506		1004.0295457276516
1145000	495		991.1589253311977
1146000	498		1021.7867543888278
1147000	524		1030.624988047406
1148000	502		978.1559883509763
1149000	516		1012.7979195700027
1150000	577		1066.8690893785097
1151000	592		1166.8890144815668
1152000	569		1188.22590355156
1153000	601		1188.324469272513
1154000	568		1124.9169880622067
1155000	515		1151.890587107744
1156000	523		1094.3222963442095
1157000	605		1123.4910034602508
1158000	550		1121.1946445303038
1159000	521		1115.6169714131393
1160000	525		1036.9481945117004
1161000	444		885.3653416479938
1162000	489		1021.7561830179766
1163000	470		940.1258033299819
1164000	462		974.289053471759
1165000	412		792.2852106662467
1166000	419		860.5919513474219
1167000	390		822.4173763380386
1168000	390		749.8411179743707
1169000	375		707.802791420836
1170000	420		783.491966533009
1171000	405		802.0016225739382
1172000	393		796.065217955038
1173000	388		794.6324311373755
1174000	341		705.9574763439596
1175000	434		805.5840719654225
1176000	446		914.0945148570463
1177000	507		1018.5461083143018
1178000	569		1066.8273580218665
1179000	595		1156.8836015481502
1180000	655		1240.9344385289587
1181000	687		1363.325875333976
1182000	673		1320.0235568624921
1183000	641		1322.5760131501593
1184000	614		1294.1791311120614
1185000	652		1308.0627769334242
1186000	716		1360.025898780208
1187000	661		1387.6802285262384
1188000	601		1223.5129378247075
1189000	576		1202.1425770628266
1190000	611		1214.3638353059068
1191000	622		1283.4908595886081
1192000	590		1186.0826255381107
1193000	580		1098.760628447868
1194000	604		1153.6483772802167
1195000	589		1196.0004209363833
1196000	517		1069.0155552173965
1197000	515		1048.5614166050218
1198000	523		998.9124674717896
1199000	540		1061.3935236916877
1200000	608		1185.5978343170136
1201000	638		1267.952016946394
1202000	617		1240.0359024503268
1203000	692		1389.4386692880653
1204000	675		1387.7865862213075
1205000	689		1378.898512632586
1206000	715		1385.5976628386416
1207000	626		1324.3958954727277
1208000	539		1003.9832763625309
1209000	538		1174.8804453583434
1210000	585		1129.0118578542024
1211000	605		1195.3547098827548
1212000	631		1232.1447080676444
1213000	622		1227.3307740609162
1214000	650		1321.5588354319334
1215000	592		1216.1872837892734
1216000	592		1184.0260377773084
1217000	584		1145.2398289833218
1218000	508		1107.8958864314482
1219000	510		1020.3471910660155
1220000	497		988.4086001901887
1221000	479		982.9440488382243
1222000	501		980.1928979502991
1223000	394		844.5908866054378
1224000	349		690.9521293365397
1225000	403		775.7735482351854
1226000	407		781.0318969590589
1227000	369		733.3777808113955
1228000	375		691.8581518870778
1229000	388		733.7148021948524
1230000	381		783.4892066335306
1231000	303		628.3224011599086
1232000	322		645.6159151005559
1233000	323		632.8342977878638
1234000	284		577.2231874051504
1235000	281		543.3665799135342
1236000	328		602.5528831873089
1237000	356		691.9857431016862
1238000	360		650.6321947784163
1239000	277		575.397709294688
1240000	306		559.61497502774
1241000	339		639.2628931836225
1242000	341		684.05921848258
1243000	373		708.9266603691503
1244000	384		775.5033724843524
1245000	400		830.5815183259547
1246000	363		680.106605114881
1247000	313		610.6882420945913
1248000	380		764.7094338149764
1249000	344		731.5068831015378
1250000	339		713.4161045895889
1251000	274		580.8502130652778
1252000	271		534.6336868940853
1253000	244		521.2316088154912
