Sample	Queue Length		Avg Waiting Time
1000	2		1.2434895169621996
2000	1		0.4867165915820806
3000	1		0.0
4000	0		0
5000	2		1.392885168945213
6000	0		0
7000	1		0.0
8000	1		1.4012231647357112
9000	1		0.6081584120001935
10000	0		0
11000	0		0
12000	0		0
13000	1		0.41403162836650154
14000	1		3.2172102717813686
15000	0		0
16000	2		0.8889388335228432
17000	0		0
18000	2		0.5012937545689056
19000	3		3.741622891626321
20000	0		0
21000	0		0
22000	1		0.34226189978653565
23000	1		0.0
24000	1		0.2930760473536793
25000	1		0.0
26000	2		1.510297522356268
27000	2		0.11852225454640575
28000	1		0.0
29000	0		0
30000	1		0.0
31000	0		0
32000	1		0.0
33000	1		0.0
34000	2		1.3519884307461325
35000	3		3.3311144989856984
36000	0		0
37000	0		0
38000	1		0.0
39000	2		2.163237101660343
40000	1		0.0
41000	0		0
42000	1		0.0
43000	0		0
44000	1		0.9815670937823597
45000	0		0
46000	0		0
47000	1		1.9077934063097928
48000	1		1.7127340999722946
49000	1		0.0
50000	0		0
51000	2		2.91323107588687
52000	0		0
53000	0		0
54000	0		0
55000	1		0.5376343904063106
56000	0		0
57000	0		0
58000	1		1.747962584166089
59000	1		0.8927365024865139
60000	2		0.5496072338428348
61000	1		0.0
62000	0		0
63000	2		1.3766208985471167
64000	0		0
65000	1		1.2451192311418708
66000	1		0.0
67000	0		0
68000	0		0
69000	0		0
70000	1		0.0
71000	1		0.0
72000	1		0.8413752036867663
73000	0		0
74000	1		0.0
75000	1		0.0
76000	0		0
77000	0		0
78000	1		0.0
79000	2		1.2997299990965985
80000	0		0
81000	2		1.3023905244772322
82000	0		0
83000	2		0.22774949739687145
84000	3		2.8642971394583583
85000	0		0
86000	0		0
87000	2		0.4385740727884695
88000	2		6.229563074652106
89000	0		0
90000	0		0
91000	1		0.0
92000	0		0
93000	0		0
94000	0		0
95000	2		3.215949118952267
96000	1		0.0
97000	1		0.0
98000	0		0
99000	0		0
100000	1		1.540515847504139
101000	2		1.718245098250918
102000	2		0.34608086838852614
103000	0		0
104000	0		0
105000	1		0.8049827219219878
106000	0		0
107000	1		0.0
108000	3		3.5163789142970927
109000	0		0
110000	1		0.0
111000	1		0.0
112000	2		3.4730473569361493
113000	0		0
114000	3		4.91845262638526
115000	2		1.1548501687939279
116000	0		0
117000	1		0.0
118000	1		1.9032829997013323
119000	1		0.0
120000	0		0
121000	2		0.7591573562240228
122000	1		0.0
123000	1		1.7537136796745472
124000	0		0
125000	0		0
126000	3		2.1571408519521356
127000	1		1.932155912683811
128000	0		0
129000	1		0.0
130000	1		0.0
131000	1		1.8516899513197131
132000	1		0.0
133000	1		0.0
134000	1		0.0
135000	3		3.25134759984212
136000	2		3.8545679012313485
137000	0		0
138000	1		0.0
139000	0		0
140000	1		0.0
141000	3		2.7682547450531274
142000	0		0
143000	1		0.0
144000	1		0.7394480311777443
145000	0		0
146000	1		1.3451820989139378
147000	1		0.0
148000	0		0
149000	1		0.0
150000	1		0.0
151000	0		0
152000	2		8.483583821100183
153000	0		0
154000	0		0
155000	1		3.8049461060436442
156000	2		6.190149086061865
157000	0		0
158000	0		0
159000	2		0.37780832685530186
160000	0		0
161000	0		0
162000	1		0.17187339265365154
163000	2		1.9995211774948984
164000	1		1.5024831187911332
165000	0		0
166000	1		0.0
167000	1		1.238496435340494
168000	1		0.0
169000	1		0.0
170000	0		0
171000	0		0
172000	1		0.7845435346243903
173000	0		0
174000	0		0
175000	1		1.6768746114103124
176000	1		2.114882815279998
177000	0		0
178000	1		4.261480551096611
179000	0		0
180000	0		0
181000	0		0
182000	1		0.0
183000	0		0
184000	0		0
185000	1		0.0
186000	0		0
187000	1		0.0
188000	0		0
189000	1		0.0
190000	1		0.0
191000	3		3.144267201772891
192000	1		0.0
193000	1		0.0
194000	0		0
195000	0		0
196000	1		0.0
197000	1		0.17653139249887317
198000	1		0.7913197482703254
199000	1		0.0
200000	1		0.0
201000	1		3.2253186559537426
202000	1		0.2122115259990096
203000	1		0.0
204000	3		1.233179048052989
205000	3		0.9511651772772893
206000	0		0
207000	0		0
208000	2		1.278544807457365
209000	1		0.10875556571409106
210000	1		1.1497757295146585
211000	0		0
212000	0		0
213000	0		0
214000	0		0
215000	1		0.9081695985514671
216000	1		0.8511261905077845
217000	0		0
218000	0		0
219000	0		0
220000	1		2.654487230000086
221000	1		1.1464199917390943
222000	0		0
223000	0		0
224000	1		2.437068729195744
225000	2		1.3233326773624867
226000	0		0
227000	2		0.3761426896089688
228000	1		0.0
229000	2		2.601359859108925
230000	2		0.8933048160979524
231000	0		0
232000	0		0
233000	0		0
234000	1		1.0091836389619857
235000	1		0.0
236000	1		1.2365331950131804
237000	1		0.0
238000	1		0.0
239000	0		0
240000	1		0.0
241000	0		0
242000	0		0
243000	0		0
244000	0		0
245000	2		0.4327489280840382
246000	1		0.0
247000	1		1.5205818198155612
248000	1		0.0
249000	0		0
250000	2		1.7298345585586503
251000	0		0
252000	0		0
253000	0		0
254000	2		0.49948672601021826
255000	1		2.32785491226241
256000	0		0
257000	0		0
258000	0		0
259000	0		0
260000	1		1.7943718027090654
261000	1		0.9302724471781403
262000	1		0.0
263000	2		3.2239585876232013
264000	2		4.70848574815318
265000	1		3.009186486597173
266000	2		1.3247292476007715
267000	0		0
268000	0		0
269000	0		0
270000	1		0.0
271000	3		2.963786310981959
272000	2		1.48197726032231
273000	1		0.8974032145924866
274000	1		0.3986495629651472
275000	1		1.0230122214416042
276000	1		0.7731079997029155
277000	1		0.38311607763171196
278000	0		0
279000	1		0.7868799336720258
280000	3		6.205788763938472
281000	0		0
282000	1		0.0
283000	1		0.0
284000	1		2.976561938296072
285000	0		0
286000	1		0.0
287000	1		0.0
288000	1		0.0
289000	0		0
290000	0		0
291000	1		0.0
292000	2		1.5518478635931388
293000	0		0
294000	0		0
295000	1		0.6638466622680426
296000	2		2.980770780472085
297000	2		1.908048887271434
298000	3		1.4274132649879903
299000	1		0.0
300000	0		0
301000	1		0.0
302000	0		0
303000	2		1.443501970730722
304000	1		0.0
305000	0		0
306000	1		0.0
307000	1		0.0
308000	0		0
309000	2		1.936279953457415
310000	0		0
311000	0		0
312000	0		0
313000	3		0.9282895654905587
314000	1		2.4674003296531737
315000	0		0
316000	1		0.0
317000	1		0.4359718922059983
318000	0		0
319000	2		2.0342697652522475
320000	0		0
321000	1		0.0
322000	0		0
323000	1		0.0
324000	2		1.2439814226236194
325000	0		0
326000	0		0
327000	1		0.6263699750415981
328000	1		0.0
329000	1		1.866505467100069
330000	1		2.5676032847259194
331000	0		0
332000	0		0
333000	1		0.3314158581197262
334000	2		1.1072131441906095
335000	2		0.4635954408440739
336000	1		2.2027041038963944
337000	1		0.3037106920965016
338000	1		0.624813606031239
339000	3		3.1479724715463817
340000	1		0.0
341000	0		0
342000	1		0.6900827176868916
343000	0		0
344000	1		0.0
345000	0		0
346000	0		0
347000	0		0
348000	0		0
349000	1		0.0
350000	0		0
351000	1		0.12881034356541932
352000	1		0.5276268895249814
353000	1		0.0
354000	0		0
355000	2		1.4879172113724053
356000	1		0.0
357000	1		0.0
358000	0		0
359000	1		1.4485215954482555
360000	1		0.5509006762877107
361000	1		0.1566941279452294
362000	2		0.041221281280741096
363000	1		0.0
364000	0		0
365000	0		0
366000	1		0.0
367000	0		0
368000	1		0.0
369000	1		0.0
370000	1		1.5271045328117907
371000	0		0
372000	0		0
373000	1		0.0
374000	0		0
375000	1		0.0
376000	0		0
377000	1		1.9402584133204073
378000	2		2.3179467383306473
379000	0		0
380000	1		0.0
381000	1		0.7285403760615736
382000	1		0.0
383000	1		0.0
384000	1		0.0
385000	4		4.255401065805927
386000	0		0
387000	1		1.6804052002262324
388000	0		0
389000	1		1.7933394506108016
390000	0		0
391000	0		0
392000	1		0.0
393000	1		0.21737635391764343
394000	1		0.0
395000	0		0
396000	1		0.46854201098904014
397000	1		0.30036498280242085
398000	2		1.0401710756123066
399000	1		0.0
400000	1		1.5872076030354947
401000	0		0
402000	1		0.5160286899190396
403000	1		1.081271561793983
404000	0		0
405000	0		0
406000	0		0
407000	1		0.0
408000	0		0
409000	0		0
410000	1		0.769151690416038
411000	2		1.3032912267372012
412000	0		0
413000	1		2.310524573782459
414000	0		0
415000	0		0
416000	0		0
417000	0		0
418000	1		0.0
419000	1		3.6094187763519585
420000	0		0
421000	2		2.5996413428802043
422000	0		0
423000	1		0.0
424000	0		0
425000	0		0
426000	0		0
427000	0		0
428000	0		0
429000	0		0
430000	0		0
431000	1		0.0
432000	1		1.5162535039708018
433000	0		0
434000	1		0.573589239269495
435000	1		0.0
436000	1		1.7744867510627955
437000	0		0
438000	2		0.2550378011073917
439000	0		0
440000	0		0
441000	0		0
442000	0		0
443000	0		0
444000	0		0
445000	1		0.0
446000	2		1.6453780110459775
447000	1		1.0168489466886967
448000	1		0.0
449000	1		0.0
450000	0		0
451000	0		0
452000	0		0
453000	0		0
454000	1		1.9181839057710022
455000	0		0
456000	1		0.0
457000	0		0
458000	2		1.406585309887305
459000	1		1.4168028749991208
460000	3		1.3866203969810158
461000	1		0.0
462000	0		0
463000	0		0
464000	1		2.5971095801796764
465000	0		0
466000	1		0.0
467000	1		0.0
468000	1		0.5660171774215996
469000	1		0.0
470000	2		0.7428798456676304
471000	1		0.0
472000	1		3.7460413759108633
473000	1		0.0
474000	0		0
475000	1		0.0
476000	0		0
477000	2		0.2680753036402166
478000	1		1.6765254356432706
479000	1		0.0
480000	1		0.0
481000	1		1.0624569691717625
482000	0		0
483000	0		0
484000	1		1.2235935484059155
485000	0		0
486000	0		0
487000	2		0.23821841971948743
488000	0		0
489000	3		4.537694726139307
490000	1		0.0
491000	1		0.0
492000	0		0
493000	0		0
494000	1		0.0
495000	1		0.0
496000	1		2.5056810043752193
497000	0		0
498000	0		0
499000	0		0
500000	3		1.622162852436304
501000	0		0
502000	1		0.6518653815146536
503000	2		1.7310170652344823
504000	1		0.0
505000	2		1.953362860251218
506000	0		0
507000	0		0
508000	2		0.1842168199364096
509000	2		2.7778075779788196
510000	0		0
511000	1		5.059067056979984
512000	0		0
513000	0		0
514000	1		0.0
515000	1		2.13350608991459
516000	1		0.0
517000	1		1.2279546740464866
518000	0		0
519000	1		0.5845896813552827
520000	1		1.4685027110390365
521000	0		0
522000	1		0.0
523000	0		0
524000	1		0.0
525000	0		0
526000	1		0.0
527000	0		0
528000	1		1.0822046275716275
529000	1		0.3552461685612798
530000	1		0.0
531000	0		0
532000	1		0.13283643638715148
533000	0		0
534000	0		0
535000	0		0
536000	1		1.523016907274723
537000	1		0.0
538000	0		0
539000	0		0
540000	0		0
541000	1		3.6787350920494646
542000	0		0
543000	0		0
544000	0		0
545000	1		3.762626585084945
546000	1		0.0
547000	0		0
548000	1		0.0
549000	2		0.19554571923799813
550000	0		0
551000	0		0
552000	2		4.631844374816865
553000	0		0
554000	0		0
555000	1		0.21165542723610997
556000	0		0
557000	0		0
558000	0		0
559000	1		0.0
560000	0		0
561000	0		0
562000	0		0
563000	1		0.0
564000	2		1.1582378803286701
565000	1		0.8515234275255352
566000	0		0
567000	1		0.0
568000	2		1.7821817942894995
569000	1		1.0178939560428262
570000	2		3.136706150136888
571000	0		0
572000	0		0
573000	1		1.004736369010061
574000	1		0.3842510220129043
575000	1		0.0
576000	0		0
577000	1		0.0
578000	0		0
579000	1		0.0
580000	1		2.3572623464278877
581000	0		0
582000	0		0
583000	0		0
584000	0		0
585000	1		0.0
586000	1		2.621301449369639
587000	1		0.0
588000	0		0
589000	3		1.5178705570288002
590000	0		0
591000	0		0
592000	0		0
593000	1		0.0
594000	2		1.2179578081704676
595000	1		0.44994907872751355
596000	1		0.7057216353714466
597000	1		0.0
598000	0		0
599000	1		0.898822789080441
600000	1		1.3154686908237636
601000	0		0
602000	1		1.781661443412304
603000	1		1.9720887183211744
604000	1		0.8302453393116593
605000	1		2.0500452555716038
606000	1		2.888219814747572
607000	0		0
608000	1		0.0
609000	1		1.1264152023941278
610000	1		0.0
611000	1		0.0
612000	0		0
613000	1		0.0
614000	0		0
615000	0		0
616000	2		2.2818924193270504
617000	1		1.0743274171836674
618000	1		0.0
619000	0		0
620000	1		0.0
621000	0		0
622000	1		0.0
623000	2		0.5713966907933354
624000	1		0.0015797000378370285
625000	2		0.38996436772868037
626000	1		0.0
627000	0		0
628000	1		1.577749623451382
629000	0		0
630000	1		0.0
631000	0		0
632000	1		1.7383043025620282
633000	0		0
634000	0		0
635000	1		0.0
636000	1		0.0
637000	0		0
638000	0		0
639000	0		0
640000	1		0.5282346103340387
641000	0		0
642000	0		0
643000	1		0.38256742944940925
644000	2		1.1795743983238935
645000	0		0
646000	0		0
647000	0		0
648000	1		0.0
649000	1		0.0
650000	0		0
651000	0		0
652000	0		0
653000	0		0
654000	1		0.3745871460996568
655000	1		0.0
656000	1		3.198643575422466
657000	0		0
658000	0		0
659000	1		0.7078726948238909
660000	0		0
661000	0		0
662000	0		0
663000	0		0
664000	0		0
665000	0		0
666000	1		0.0
667000	0		0
668000	2		1.1338018393144011
669000	0		0
670000	0		0
671000	0		0
672000	1		0.0
673000	1		1.9076975705102086
674000	0		0
675000	0		0
676000	1		0.6360996849834919
677000	0		0
678000	2		5.172683670651168
679000	0		0
680000	0		0
681000	1		0.0
682000	1		0.19649435533210635
683000	0		0
684000	1		0.0
685000	2		1.3259782898239791
686000	1		0.0
687000	0		0
688000	1		0.9330053799785674
689000	1		0.0
690000	1		0.0
691000	0		0
692000	0		0
693000	1		1.5744531876407564
694000	1		0.15195381082594395
695000	0		0
696000	1		1.0010734046809375
697000	0		0
698000	0		0
699000	0		0
700000	0		0
701000	0		0
702000	1		0.0
703000	2		0.48271282482892275
704000	0		0
705000	0		0
706000	1		2.514665259514004
707000	1		0.0
708000	0		0
709000	0		0
710000	1		1.114370764233172
711000	0		0
712000	1		0.03652964998036623
713000	3		1.2965642372146249
714000	0		0
715000	0		0
716000	0		0
717000	0		0
718000	2		1.3788011763244867
719000	1		0.0
720000	2		1.7451739581301808
721000	0		0
722000	0		0
723000	0		0
724000	1		0.0
725000	0		0
726000	1		3.1750874696299434
727000	0		0
728000	1		0.0
729000	0		0
730000	3		6.437713236082345
731000	0		0
732000	0		0
733000	0		0
734000	0		0
735000	1		0.0
736000	0		0
737000	1		0.0
738000	0		0
739000	2		0.4444266939535737
740000	2		0.1121055562980473
741000	3		1.8608319987542927
742000	1		0.0
743000	1		1.5742783388122916
744000	0		0
745000	0		0
746000	0		0
747000	2		0.11607738910242915
748000	0		0
749000	0		0
750000	1		0.0
751000	0		0
752000	0		0
753000	0		0
754000	1		0.0
755000	1		1.300698230508715
756000	0		0
757000	0		0
758000	0		0
759000	1		0.0
760000	2		1.399580329656601
761000	0		0
762000	0		0
763000	1		0.0
764000	1		0.4490726296789944
765000	0		0
766000	2		1.6413907422684133
767000	1		0.0
768000	0		0
769000	0		0
770000	1		0.0
771000	2		2.889103954192251
772000	0		0
773000	3		1.2448267326690257
774000	0		0
775000	2		1.653841289691627
776000	2		2.1200341219082475
777000	0		0
778000	0		0
779000	0		0
780000	1		2.62070583505556
781000	0		0
782000	1		0.0
783000	1		0.0
784000	0		0
785000	0		0
786000	1		0.0
787000	2		0.6906747282482684
788000	1		0.0
789000	1		0.0
790000	1		0.0
791000	0		0
792000	1		0.0
793000	1		1.355383925139904
794000	0		0
795000	0		0
796000	1		2.1411844617687166
797000	1		4.173008310608566
798000	0		0
799000	0		0
800000	1		3.6460216674022377
801000	1		1.7044948902912438
802000	0		0
803000	0		0
804000	1		0.6166126686148345
805000	2		1.2113234889693558
806000	1		1.0145219303667545
807000	0		0
808000	1		0.0
809000	0		0
810000	1		0.0
811000	2		0.899886786006391
812000	0		0
813000	0		0
814000	0		0
815000	1		0.0
816000	0		0
817000	1		3.404144363477826
818000	1		1.7296205526217818
819000	1		1.6180636985227466
820000	1		1.4301880849525332
821000	2		2.934427433181554
822000	1		0.0
823000	1		0.4274885873310268
824000	0		0
825000	1		0.0
826000	0		0
827000	2		0.34009735751897097
828000	0		0
829000	2		2.1684458004310727
830000	1		0.0
831000	1		1.862503242213279
832000	2		3.0104913623072207
833000	0		0
834000	0		0
835000	0		0
836000	1		0.0
837000	2		0.23382544377818704
838000	0		0
839000	0		0
840000	1		0.3185785608366132
841000	1		3.5213689864613116
842000	1		1.4016573783010244
843000	1		1.1947618704289198
844000	2		0.7905588890425861
845000	0		0
846000	0		0
847000	1		0.6739495075307786
848000	0		0
849000	1		0.1649974873289466
850000	0		0
851000	2		0.3563054702244699
852000	0		0
853000	1		0.0
854000	2		0.4289731774479151
855000	0		0
856000	2		1.9952855189330876
857000	3		4.182522874325514
858000	2		0.530423984862864
859000	1		1.1423338395543396
860000	0		0
861000	1		0.8149981838651001
862000	1		1.8761599883437157
863000	0		0
864000	1		0.0
865000	2		2.337277829181403
866000	0		0
867000	1		0.0
868000	1		1.2878779186867177
869000	1		0.0
870000	0		0
871000	2		1.673870210070163
872000	0		0
873000	0		0
874000	0		0
875000	0		0
876000	1		0.0
877000	0		0
878000	1		0.0
879000	1		0.0
880000	1		0.0
881000	0		0
882000	3		3.383221629075706
883000	1		0.0
884000	0		0
885000	0		0
886000	0		0
887000	2		2.546678549144417
888000	0		0
889000	0		0
890000	0		0
891000	3		3.2584510263986886
892000	1		0.0
893000	1		0.0
894000	1		2.2935765916481614
895000	1		0.27435232512652874
896000	1		0.0
897000	1		0.017588578164577484
898000	0		0
899000	1		0.15931399771943688
900000	1		0.11285398341715336
901000	0		0
902000	0		0
903000	0		0
904000	1		6.308373947162181
905000	0		0
906000	1		0.0004980899393558502
907000	1		0.7141718175262213
908000	0		0
909000	0		0
910000	2		0.31716588931158185
911000	3		2.5410457686521113
912000	0		0
913000	1		0.0
914000	0		0
915000	0		0
916000	2		0.7181186713278294
917000	1		0.9626671299338341
918000	0		0
919000	2		0.9018889488652349
920000	0		0
921000	1		0.8275525053031743
922000	2		1.6879605525173247
923000	1		0.6103451838716865
924000	1		0.0
925000	1		1.2763801021501422
926000	2		1.0790879391133785
927000	0		0
928000	1		1.5349565469659865
929000	0		0
930000	1		0.0
931000	2		0.09884995222091675
932000	1		0.0
933000	3		1.4638035595417023
934000	1		4.556309142615646
935000	0		0
936000	1		1.0607976815663278
937000	2		3.2811820073984563
938000	1		0.0
939000	0		0
940000	1		0.03423146344721317
941000	2		3.1830940232612193
942000	1		0.14638691348955035
943000	2		1.1661551091820002
944000	0		0
945000	1		3.2879309128038585
946000	1		1.2576261102221906
947000	0		0
948000	0		0
949000	0		0
950000	1		0.0
951000	0		0
952000	0		0
953000	1		0.0
954000	0		0
955000	0		0
956000	1		0.0
957000	1		0.140535076148808
958000	1		0.8997470838949084
959000	3		2.2288514729589224
960000	0		0
961000	0		0
962000	1		1.8992056576535106
963000	1		0.0
964000	1		0.7745928973890841
965000	2		1.2573926970362663
966000	1		1.0614162064157426
967000	1		0.0
968000	0		0
969000	1		0.2124376781284809
970000	0		0
971000	1		0.1865328005515039
972000	2		1.6522546014748514
973000	0		0
974000	0		0
975000	0		0
976000	0		0
977000	0		0
978000	2		0.8005233006551862
979000	1		0.0
980000	3		0.9013586505316198
981000	0		0
982000	1		0.0
983000	2		2.8633876126259565
984000	0		0
985000	1		1.8544034846127033
986000	1		0.5059045888483524
987000	0		0
988000	0		0
989000	1		0.6108292900025845
990000	2		1.2292320923879743
991000	1		0.0
992000	0		0
993000	0		0
994000	0		0
995000	0		0
996000	0		0
997000	2		1.3127145995385945
998000	1		0.0
999000	1		1.8835947439074516
1000000	0		0
1001000	1		2.3705766182392836
1002000	1		0.2519650529138744
1003000	0		0
1004000	2		0.005580838304013014
1005000	0		0
1006000	1		1.0607703174464405
1007000	1		0.3329493124037981
1008000	0		0
1009000	2		0.6988473990932107
1010000	1		1.292465627193451
1011000	0		0
1012000	1		0.0
1013000	1		0.0
1014000	0		0
1015000	0		0
1016000	2		1.6327018202282488
1017000	0		0
1018000	1		0.0
1019000	2		0.8269113944843411
1020000	1		0.7777394824661314
1021000	1		0.5462018880061805
1022000	1		0.8904838543385267
1023000	2		0.815251721534878
1024000	0		0
1025000	3		1.1801473111845553
1026000	1		0.0
1027000	1		0.0
1028000	0		0
1029000	0		0
1030000	2		0.9384695393964648
1031000	0		0
1032000	1		3.1953511773608625
1033000	1		0.0
1034000	1		0.0
1035000	0		0
1036000	0		0
1037000	1		0.0
1038000	1		1.0951627981849015
1039000	1		0.0
1040000	1		1.1890638866461813
1041000	0		0
1042000	0		0
1043000	2		0.6395206688903272
1044000	1		0.4116607471369207
1045000	0		0
1046000	2		1.9991287630982697
1047000	1		1.415418703109026
1048000	1		0.6913609602488577
1049000	1		0.0
1050000	0		0
1051000	1		3.211973076220602
1052000	0		0
1053000	1		0.20422706147655845
1054000	0		0
1055000	1		0.0
1056000	0		0
1057000	0		0
1058000	1		3.293200767133385
1059000	1		0.6272680354304612
1060000	1		0.1894353860989213
1061000	2		2.382645235862583
1062000	1		0.0
1063000	0		0
1064000	0		0
1065000	1		0.0
1066000	0		0
1067000	1		1.2441033772192895
1068000	1		0.0
1069000	0		0
1070000	2		3.5344853601418436
1071000	1		0.7466019680723548
1072000	0		0
1073000	0		0
1074000	0		0
1075000	0		0
1076000	0		0
1077000	1		0.0
1078000	0		0
1079000	0		0
1080000	1		1.114764852449298
1081000	1		1.730572912376374
1082000	1		0.0
1083000	1		1.4095552782528102
1084000	0		0
1085000	0		0
1086000	1		1.5632612309418619
1087000	0		0
1088000	1		1.472809977363795
1089000	0		0
1090000	1		2.729660318698734
1091000	1		1.0245786812156439
1092000	1		0.0
1093000	1		0.0
1094000	0		0
1095000	1		1.6875233724713326
1096000	0		0
1097000	0		0
1098000	1		3.346718806773424
1099000	1		0.0
1100000	0		0
1101000	1		1.0648616328835487
1102000	1		0.4369889236986637
1103000	1		3.7576898341067135
1104000	1		0.6404902953654528
1105000	0		0
1106000	0		0
1107000	1		3.9836785341612995
1108000	1		0.0
1109000	1		0.0
1110000	0		0
1111000	1		0.0
1112000	2		1.9053504751063883
1113000	0		0
1114000	4		5.080400214064866
1115000	2		1.1910298587754369
1116000	0		0
1117000	0		0
1118000	0		0
1119000	1		0.0
1120000	1		0.3322783070616424
1121000	0		0
1122000	1		0.6490585156716406
1123000	2		0.04265035083517432
1124000	1		0.0
1125000	0		0
1126000	0		0
1127000	0		0
1128000	0		0
1129000	1		0.0
1130000	0		0
1131000	1		1.7072635875083506
1132000	0		0
1133000	0		0
1134000	2		2.1370147988200188
1135000	1		0.0
1136000	4		1.6652023447677493
1137000	1		0.0
1138000	0		0
1139000	1		0.0
1140000	0		0
1141000	2		2.7979143816046417
1142000	1		0.0
1143000	1		0.29076566686853766
1144000	1		2.9331252393312752
1145000	1		1.6425612596794963
1146000	3		0.8030911460518837
1147000	1		0.0
1148000	1		0.0
1149000	0		0
1150000	0		0
1151000	0		0
1152000	0		0
1153000	0		0
1154000	2		0.7241150764748454
1155000	0		0
1156000	0		0
1157000	2		2.7678244952112436
1158000	1		0.29383827466517687
1159000	1		0.0
1160000	0		0
1161000	1		3.0989230182021856
1162000	1		0.0
1163000	1		1.252962039783597
1164000	1		0.8503705793991685
1165000	0		0
1166000	2		2.6074493462219834
1167000	1		0.0
1168000	3		1.5852507203817368
1169000	0		0
1170000	1		1.6946042045019567
1171000	1		2.7422636467963457
1172000	0		0
1173000	2		0.5542526952922344
1174000	1		0.0
1175000	0		0
1176000	1		0.0
1177000	1		0.0
1178000	0		0
1179000	0		0
1180000	1		1.3838760489597917
1181000	1		2.083479289896786
1182000	2		0.7429475383833051
1183000	0		0
1184000	2		0.007736127823591232
1185000	1		0.16759212594479322
1186000	1		0.0
1187000	1		1.8793348567560315
1188000	0		0
1189000	1		0.6018663598224521
1190000	2		0.05990978144109249
1191000	0		0
1192000	1		0.0
1193000	1		0.02306116372346878
1194000	0		0
1195000	3		1.967508270405233
1196000	0		0
1197000	0		0
1198000	0		0
1199000	0		0
1200000	3		1.2534605143591762
1201000	1		0.0
1202000	0		0
1203000	1		1.5062055503949523
1204000	0		0
1205000	1		1.6212324164807796
1206000	0		0
1207000	0		0
1208000	1		0.0
1209000	1		1.7401072001084685
1210000	0		0
1211000	0		0
1212000	0		0
1213000	1		1.5109692551195621
1214000	1		1.074087830260396
1215000	0		0
1216000	2		0.3472461849451065
1217000	2		1.7529397839680314
1218000	1		0.0
1219000	0		0
1220000	0		0
1221000	0		0
1222000	1		0.2954574218019843
1223000	1		0.0
1224000	1		3.4153519244864583
1225000	1		1.1649069599807262
1226000	0		0
1227000	0		0
1228000	3		2.444727466441691
1229000	0		0
1230000	1		0.0
1231000	2		1.4109561946243048
1232000	0		0
1233000	0		0
1234000	1		0.0
1235000	0		0
1236000	1		0.0
1237000	0		0
1238000	0		0
1239000	0		0
1240000	3		1.2098490884527564
1241000	0		0
1242000	0		0
1243000	2		0.4276792202144861
1244000	0		0
1245000	1		1.5112591180950403
1246000	0		0
1247000	2		1.9088746113702655
1248000	1		0.0
1249000	1		1.5923840142786503
1250000	0		0
1251000	1		0.4470970509573817
1252000	0		0
1253000	0		0
1254000	1		0.0
1255000	0		0
1256000	0		0
1257000	0		0
1258000	1		0.12117813248187304
1259000	1		1.358975825831294
1260000	2		1.5402139145880938
1261000	2		1.9361145598813891
1262000	0		0
1263000	1		0.5036451406776905
1264000	1		0.0
1265000	0		0
1266000	1		1.8713085977360606
1267000	0		0
1268000	2		0.13784458488225937
1269000	1		0.0
1270000	1		1.2591561349108815
1271000	0		0
1272000	1		0.5021279249340296
1273000	1		0.5997956488281488
1274000	0		0
1275000	0		0
1276000	0		0
1277000	0		0
1278000	2		0.34472024254500866
1279000	0		0
1280000	0		0
1281000	1		0.0
1282000	0		0
1283000	0		0
1284000	1		0.0
1285000	0		0
1286000	1		0.0
1287000	0		0
1288000	1		0.0
1289000	0		0
1290000	0		0
1291000	1		0.0
1292000	0		0
1293000	0		0
1294000	0		0
1295000	0		0
1296000	1		0.0
1297000	0		0
1298000	1		0.0
1299000	1		0.0
1300000	1		0.0
1301000	2		3.6589670116081834
1302000	3		2.951122929342091
1303000	1		2.5205240258947015
1304000	0		0
1305000	0		0
1306000	2		5.424121688120067
1307000	1		1.3508529849350452
1308000	0		0
1309000	0		0
1310000	1		0.0
1311000	1		0.7422147551551461
1312000	2		2.093545145355165
1313000	0		0
1314000	1		0.0
1315000	1		3.186472963541746
1316000	1		3.7684028781950474
1317000	0		0
1318000	0		0
1319000	1		0.8853763034567237
1320000	0		0
1321000	0		0
1322000	1		1.2470147050917149
1323000	0		0
1324000	0		0
1325000	1		0.0562690244987607
1326000	2		1.7834268733859062
1327000	2		1.3610878502950072
1328000	0		0
1329000	0		0
1330000	1		0.0
1331000	0		0
1332000	2		2.6334641175344586
1333000	0		0
1334000	1		0.0
1335000	3		0.7999229775741696
1336000	0		0
1337000	1		0.36804034281522036
1338000	0		0
1339000	0		0
1340000	1		0.2726084431633353
1341000	0		0
1342000	1		1.403956402093172
1343000	1		2.5825145933777094
1344000	1		0.0
1345000	0		0
1346000	0		0
1347000	0		0
1348000	0		0
1349000	1		0.7898568715900183
1350000	1		0.0
1351000	2		3.2285802075639367
1352000	0		0
1353000	0		0
1354000	0		0
1355000	1		2.6052208757027984
1356000	3		4.458987610414624
1357000	2		4.071451065130532
1358000	0		0
1359000	0		0
1360000	0		0
1361000	0		0
1362000	1		0.0
1363000	1		0.0
1364000	1		0.0
1365000	0		0
1366000	1		1.559043531306088
1367000	1		0.0
1368000	1		2.326567175798118
1369000	1		0.07746517844498158
1370000	0		0
1371000	1		0.0
1372000	0		0
1373000	0		0
1374000	2		0.30210766289383173
1375000	1		0.0
1376000	1		0.0
1377000	0		0
1378000	3		0.24088310450315475
1379000	0		0
1380000	1		0.9972001165151596
1381000	1		0.0
1382000	1		1.6539895664900541
1383000	1		1.324568796902895
1384000	0		0
1385000	0		0
1386000	1		0.0
1387000	2		0.43141079414635897
1388000	1		0.0
1389000	1		0.0
1390000	2		5.360091154463589
1391000	0		0
1392000	0		0
1393000	0		0
1394000	0		0
1395000	0		0
1396000	0		0
1397000	0		0
1398000	0		0
1399000	0		0
1400000	0		0
1401000	0		0
1402000	2		2.449318991973996
1403000	2		0.987471423111856
1404000	0		0
1405000	0		0
1406000	0		0
1407000	1		0.0
1408000	1		0.0
1409000	2		0.342806956730783
1410000	1		1.8969645760953426
1411000	0		0
1412000	1		0.0
1413000	2		1.0032897647470236
1414000	0		0
1415000	0		0
1416000	1		0.0
1417000	1		0.0
1418000	1		0.0
1419000	0		0
1420000	0		0
1421000	0		0
1422000	0		0
1423000	0		0
1424000	1		0.0
1425000	2		2.652606738731265
1426000	2		1.4478248720988631
1427000	0		0
1428000	1		0.0
1429000	0		0
1430000	0		0
1431000	1		0.0
1432000	2		1.6628626370802522
1433000	0		0
1434000	1		0.0
1435000	0		0
1436000	1		0.0
1437000	0		0
1438000	1		0.0
1439000	0		0
1440000	3		2.941726988181472
1441000	2		0.8701877640560269
1442000	1		0.0
1443000	4		1.2324690716341138
1444000	0		0
1445000	1		0.0
1446000	0		0
1447000	0		0
1448000	0		0
1449000	2		5.072948109358549
1450000	1		0.07700254581868649
1451000	1		0.0
1452000	1		0.0
1453000	1		0.0
1454000	2		0.15567690506577492
1455000	0		0
1456000	0		0
1457000	0		0
1458000	1		0.2604874484241009
1459000	1		0.3207573667168617
1460000	2		2.414830779656768
1461000	0		0
1462000	2		0.7260801121592522
1463000	0		0
1464000	0		0
1465000	1		0.3444200186058879
1466000	1		0.0
1467000	1		0.0
1468000	1		0.9126894129440188
1469000	1		0.0
1470000	0		0
1471000	2		3.5015445072203875
1472000	2		0.23466194700449705
1473000	0		0
1474000	1		0.04963636212050915
1475000	1		0.0
1476000	2		1.3476740214973688
1477000	1		0.0
1478000	1		0.0
1479000	1		3.260432666167617
1480000	1		0.0
1481000	1		0.0
1482000	0		0
1483000	1		0.0
1484000	0		0
1485000	0		0
1486000	0		0
1487000	1		2.2531969575211406
1488000	1		0.0
1489000	1		0.0
1490000	1		5.59357928019017
1491000	1		0.2873399965465069
1492000	2		7.1359694842249155
1493000	0		0
1494000	0		0
1495000	1		1.239317330531776
1496000	1		0.0
1497000	3		1.559680157341063
1498000	1		0.0
1499000	1		0.0
1500000	2		1.6927909925580025
1501000	0		0
1502000	2		0.7229845337569714
1503000	0		0
1504000	1		0.0
1505000	1		0.0
1506000	1		0.5554786892607808
1507000	1		0.0
1508000	2		1.065028915181756
1509000	1		0.0
1510000	1		0.0
1511000	1		0.16963779646903276
1512000	1		2.2679387405514717
1513000	0		0
1514000	0		0
1515000	1		0.5756604801863432
1516000	1		3.4232030007988214
1517000	0		0
1518000	0		0
1519000	0		0
1520000	0		0
1521000	1		0.0
1522000	3		2.6223504254594445
1523000	0		0
1524000	1		1.7338622622191906
1525000	1		0.0
1526000	1		0.0
1527000	1		0.0
1528000	1		0.7703515160828829
1529000	0		0
1530000	0		0
1531000	0		0
1532000	0		0
1533000	1		0.0
1534000	2		3.2668674383312464
1535000	1		0.1462649144232273
1536000	1		0.0
1537000	1		0.0
1538000	2		1.124376829713583
1539000	1		0.0
1540000	3		4.200591861270368
1541000	0		0
1542000	3		1.2404064936563373
1543000	1		1.1720118587836623
1544000	1		0.0
1545000	1		0.0
1546000	1		1.8671663496643305
1547000	0		0
1548000	1		0.0
1549000	2		2.5527596371248364
1550000	0		0
1551000	2		2.1603206200525165
1552000	1		1.1652093064039946
1553000	0		0
1554000	2		0.05275584105402231
1555000	1		0.0
1556000	1		0.0
1557000	0		0
1558000	0		0
1559000	1		0.0
1560000	1		0.6369703803211451
1561000	0		0
1562000	1		0.0
1563000	1		0.0
1564000	2		1.7808472653850913
1565000	0		0
1566000	0		0
1567000	2		4.17151549924165
1568000	2		1.534493563696742
1569000	0		0
1570000	0		0
1571000	0		0
1572000	1		1.342513021081686
1573000	0		0
1574000	1		0.0
1575000	0		0
1576000	2		1.676223237067461
1577000	1		0.0
1578000	1		0.0
1579000	0		0
1580000	0		0
1581000	1		0.21335553750395775
1582000	2		0.9606034653261304
1583000	1		0.0
1584000	1		0.0
1585000	0		0
1586000	0		0
1587000	1		0.0
1588000	1		0.0
1589000	0		0
1590000	1		1.7236804589629173
1591000	1		1.6993894884362817
1592000	1		0.0
1593000	0		0
1594000	2		2.155116523616016
1595000	1		0.0
1596000	1		2.6815659748390317
1597000	1		0.0
1598000	1		0.0
1599000	0		0
1600000	0		0
1601000	0		0
1602000	0		0
1603000	0		0
1604000	1		0.08814397267997265
1605000	0		0
1606000	0		0
1607000	1		0.0
1608000	2		0.4159634876996279
1609000	0		0
1610000	0		0
1611000	0		0
1612000	1		1.5433944510295987
1613000	0		0
1614000	0		0
1615000	1		0.0
1616000	1		2.2647930243983865
1617000	0		0
1618000	0		0
1619000	0		0
1620000	0		0
1621000	0		0
1622000	2		1.055012447759509
1623000	1		1.8939963690936565
1624000	0		0
1625000	1		0.0
1626000	0		0
1627000	1		0.0
1628000	1		0.0
1629000	1		3.498026837594807
1630000	0		0
1631000	0		0
1632000	1		0.0
1633000	0		0
1634000	0		0
1635000	0		0
1636000	0		0
1637000	1		0.0
1638000	1		0.0
1639000	0		0
1640000	0		0
1641000	1		0.0
1642000	1		1.959560384042561
1643000	1		0.0
1644000	1		1.6680634235963225
1645000	1		0.0
1646000	0		0
1647000	0		0
1648000	0		0
1649000	0		0
1650000	1		0.0
1651000	0		0
1652000	0		0
1653000	0		0
1654000	0		0
1655000	0		0
1656000	1		2.670672313310206
1657000	1		5.133551974780858
1658000	0		0
1659000	0		0
1660000	0		0
1661000	0		0
1662000	0		0
1663000	0		0
1664000	1		0.0
1665000	1		2.070654201321304
1666000	1		2.6427079923450947
1667000	1		0.0
1668000	0		0
1669000	3		2.3974655121564865
1670000	0		0
1671000	0		0
1672000	2		0.7415881883352995
1673000	1		0.0
1674000	1		0.0
1675000	0		0
1676000	1		0.9167648814618587
1677000	1		0.46752034220844507
1678000	1		1.1541522461920977
1679000	1		0.0
1680000	3		0.5648665996268392
1681000	2		2.4274600064381957
1682000	2		0.13599684741348028
1683000	1		1.2282495340332389
1684000	1		5.206197811290622
1685000	1		0.0
1686000	0		0
1687000	1		0.0
1688000	1		2.547026038169861
1689000	1		0.0
1690000	3		1.4748873366042972
1691000	1		0.0
1692000	1		1.5789565835148096
1693000	0		0
1694000	1		1.5289488369598985
1695000	2		0.8347192006185651
1696000	1		0.00159414391964674
1697000	3		0.9450749084353447
1698000	1		0.0
1699000	0		0
1700000	2		6.246642421931028
1701000	0		0
1702000	0		0
1703000	0		0
1704000	0		0
1705000	1		1.150429398752749
1706000	0		0
1707000	0		0
1708000	1		0.0
1709000	0		0
1710000	1		0.0
1711000	2		1.4029974155128002
1712000	0		0
1713000	0		0
1714000	0		0
1715000	1		0.4453263869509101
1716000	3		5.094424745999277
1717000	0		0
1718000	0		0
1719000	1		0.0
1720000	2		1.8133692061528563
1721000	0		0
1722000	1		0.0
1723000	1		1.3771901447325945
1724000	1		0.0
1725000	1		0.5182314366102219
1726000	2		0.28554779291152954
1727000	0		0
1728000	1		0.0
1729000	1		1.2122628968209028
1730000	0		0
1731000	0		0
1732000	1		0.0
1733000	2		1.445944294333458
1734000	1		1.1686056423932314
1735000	1		1.9622901305556297
1736000	1		0.0
1737000	1		0.9823572812601924
1738000	1		1.5975137511268258
1739000	1		0.0
1740000	1		0.11538591235876083
1741000	1		0.0
1742000	1		0.0
1743000	1		1.1443399554118514
1744000	4		3.119274815544486
1745000	0		0
1746000	0		0
1747000	0		0
1748000	1		2.6864199126139283
1749000	1		0.0
1750000	0		0
1751000	2		4.349319813773036
1752000	1		1.4162757899612188
1753000	0		0
1754000	1		3.549432679079473
1755000	1		1.395715375430882
1756000	0		0
1757000	2		0.8146479474380612
1758000	0		0
1759000	2		1.7717675929889083
1760000	0		0
1761000	1		0.30365645699203014
1762000	1		0.17499558813869953
1763000	0		0
1764000	1		1.046818452887237
1765000	1		0.0
1766000	2		1.762933924794197
1767000	1		0.0
1768000	1		3.1232509799301624
1769000	0		0
1770000	0		0
1771000	1		0.0
1772000	1		4.151147395372391
1773000	2		2.4406586438417435
1774000	1		0.0
1775000	1		2.2830139622092247
1776000	0		0
1777000	0		0
1778000	0		0
1779000	0		0
1780000	0		0
1781000	1		0.0
1782000	1		1.1520283948630095
1783000	2		2.3159665130078793
1784000	0		0
1785000	0		0
1786000	0		0
1787000	0		0
1788000	1		0.6989588439464569
1789000	0		0
1790000	0		0
1791000	0		0
1792000	1		0.024157541804015636
1793000	2		0.09807101357728243
1794000	1		0.0
1795000	0		0
1796000	0		0
1797000	1		0.0
1798000	0		0
1799000	1		0.0
1800000	1		0.8315606899559498
1801000	1		0.0
1802000	1		4.226022673770785
1803000	0		0
1804000	0		0
1805000	0		0
1806000	0		0
1807000	1		1.715763638727367
1808000	3		3.5367026943713427
1809000	1		0.0
1810000	1		0.0
1811000	2		1.1004587626084685
1812000	0		0
1813000	1		0.11321003828197718
1814000	1		0.0
1815000	1		0.8986218692734838
1816000	0		0
1817000	2		0.5954312868416309
1818000	1		2.2833750918507576
1819000	1		0.44823498744517565
1820000	0		0
1821000	0		0
1822000	3		1.1346717150881886
1823000	0		0
1824000	1		0.0
1825000	1		0.0
1826000	0		0
1827000	0		0
1828000	2		1.4436459699645638
1829000	1		0.0
1830000	1		0.0
1831000	1		1.3653147891163826
1832000	1		0.0
1833000	0		0
1834000	1		0.0
1835000	2		1.0328592527657747
1836000	0		0
1837000	1		1.81644291523844
1838000	2		1.8599726529791951
1839000	0		0
1840000	0		0
1841000	1		1.1633371487259865
1842000	1		0.0
1843000	1		0.5848412811756134
1844000	1		0.40789560228586197
1845000	1		1.4697516057640314
1846000	0		0
1847000	1		0.0
1848000	1		2.5203419253230095
1849000	0		0
1850000	2		0.9191588638350368
1851000	0		0
1852000	0		0
1853000	0		0
1854000	1		0.0
1855000	1		0.572838181629777
1856000	2		2.1933029126375914
1857000	3		0.5023200931027532
1858000	0		0
1859000	1		0.0
1860000	0		0
1861000	1		4.932425931096077
1862000	1		2.065152872353792
1863000	0		0
1864000	0		0
1865000	0		0
1866000	1		0.0
1867000	1		0.9705195352435112
1868000	1		0.0
1869000	1		0.0
1870000	0		0
1871000	1		0.0
1872000	1		0.0
1873000	1		0.0
1874000	3		5.825707580894232
1875000	0		0
1876000	1		5.12872532941401
1877000	0		0
1878000	0		0
1879000	0		0
1880000	0		0
1881000	1		0.0
1882000	0		0
1883000	0		0
1884000	0		0
1885000	0		0
1886000	2		0.2895823195576668
1887000	2		2.2315477347001433
1888000	2		1.7753925304859877
1889000	0		0
1890000	1		0.7261455673724413
1891000	1		0.0
1892000	1		1.7248978419229388
1893000	0		0
1894000	0		0
1895000	3		5.6517285062000155
1896000	0		0
1897000	0		0
1898000	1		0.9744222927838564
1899000	0		0
1900000	2		2.28139382135123
1901000	0		0
1902000	1		3.1971150198951364
1903000	1		1.3680331753566861
1904000	2		3.245287082158029
1905000	1		0.8198068412020802
1906000	0		0
1907000	1		0.0
1908000	0		0
1909000	1		1.3343981057405472
1910000	1		1.0526655474677682
1911000	0		0
1912000	1		0.0
1913000	1		0.0
1914000	0		0
1915000	1		0.0
1916000	0		0
1917000	1		0.0
1918000	0		0
1919000	1		2.4032166842371225
1920000	1		0.9676396055147052
1921000	0		0
1922000	1		0.0
1923000	1		0.0
1924000	0		0
1925000	1		0.0
1926000	0		0
1927000	0		0
1928000	2		0.8479267042130232
1929000	1		1.4847117569297552
1930000	2		3.2139581805095077
1931000	0		0
1932000	0		0
1933000	0		0
1934000	0		0
1935000	2		1.6701716473326087
1936000	0		0
1937000	1		2.622903955169022
1938000	0		0
1939000	0		0
1940000	0		0
1941000	1		0.0
1942000	1		0.0
1943000	1		0.0
1944000	1		1.6645599510520697
1945000	0		0
1946000	1		0.0
1947000	0		0
1948000	1		0.0
1949000	1		1.9943965068086982
1950000	2		0.909183768555522
1951000	1		0.0
1952000	0		0
1953000	1		1.4409225275740027
1954000	0		0
1955000	1		1.0453019607812166
1956000	0		0
1957000	1		1.5700262440368533
1958000	1		1.9021001011133194
1959000	0		0
1960000	0		0
1961000	0		0
1962000	2		2.30307343788445
1963000	0		0
1964000	0		0
1965000	0		0
1966000	2		2.1552775967866182
1967000	0		0
1968000	1		0.0
1969000	0		0
1970000	1		0.0
1971000	1		0.0
1972000	1		0.0
1973000	0		0
1974000	0		0
1975000	2		1.4897882146760821
1976000	0		0
1977000	0		0
1978000	1		0.0
1979000	0		0
1980000	1		2.856982024386525
1981000	1		0.0
1982000	1		0.8083034129813313
1983000	1		0.0
1984000	1		0.9811003189533949
1985000	1		0.0
1986000	1		1.098765711300075
1987000	1		0.0
1988000	2		1.7564105540513992
1989000	2		0.20077319629490376
1990000	1		0.6016073105856776
1991000	0		0
1992000	0		0
1993000	0		0
1994000	1		1.0728862956166267
1995000	0		0
1996000	0		0
1997000	1		0.0
1998000	1		2.054647760465741
1999000	2		1.5251453528180718
2000000	1		1.9371317625045776
2001000	2		1.767667549662292
2002000	1		0.0
2003000	0		0
2004000	0		0
2005000	1		0.0
2006000	0		0
2007000	0		0
2008000	0		0
2009000	0		0
2010000	0		0
2011000	0		0
2012000	1		0.0
2013000	0		0
2014000	1		2.0610515866428614
2015000	1		0.9929002681747079
2016000	1		0.0
2017000	1		0.0
2018000	0		0
2019000	0		0
2020000	1		0.0002760123461484909
2021000	1		0.4588422616943717
2022000	0		0
2023000	1		0.0
2024000	0		0
2025000	2		1.146910103969276
2026000	1		0.0
2027000	0		0
2028000	0		0
2029000	0		0
2030000	1		0.0
2031000	1		2.697932893410325
2032000	0		0
2033000	1		0.0
2034000	0		0
2035000	1		0.0
2036000	0		0
2037000	2		3.031457965262234
2038000	0		0
2039000	3		1.2424940196797252
2040000	0		0
2041000	0		0
2042000	1		2.2400255920365453
2043000	2		1.7526207780465484
2044000	0		0
2045000	0		0
2046000	0		0
2047000	0		0
2048000	1		0.0
2049000	0		0
2050000	0		0
2051000	2		1.443538423627615
2052000	0		0
2053000	0		0
2054000	0		0
2055000	0		0
2056000	1		1.8150137877091765
2057000	2		2.6736987587064505
2058000	1		1.6501570930704474
2059000	1		0.0
2060000	1		0.572123029269278
2061000	1		0.0
2062000	0		0
2063000	0		0
2064000	1		0.054573290050029755
2065000	1		1.333792993798852
2066000	0		0
2067000	2		0.05513407848775387
2068000	2		1.8452495373785496
2069000	0		0
2070000	1		2.428209044970572
2071000	0		0
2072000	1		1.3681932762265205
2073000	1		0.0
2074000	2		2.641606815159321
2075000	0		0
2076000	1		0.0
2077000	1		0.0
2078000	0		0
2079000	1		1.3210032992064953
2080000	1		0.0
2081000	1		0.0
2082000	0		0
2083000	2		1.9161220714449883
2084000	1		0.0
2085000	1		2.5379339018836617
2086000	0		0
2087000	0		0
2088000	0		0
2089000	0		0
2090000	1		0.0
2091000	1		0.6547047393396497
2092000	1		0.2877014735713601
2093000	0		0
2094000	0		0
2095000	1		0.0
2096000	0		0
2097000	1		1.121778384782374
2098000	0		0
2099000	0		0
2100000	1		0.0
2101000	2		1.9827017756178975
2102000	1		0.0
2103000	1		0.27168434020131826
2104000	0		0
2105000	1		0.0
2106000	0		0
2107000	0		0
2108000	2		0.4733779914677143
2109000	1		0.9724390059709549
2110000	0		0
2111000	1		1.684300260618329
2112000	2		2.115016824565828
2113000	1		1.95516721252352
2114000	0		0
2115000	0		0
2116000	0		0
2117000	3		1.6178502477705479
2118000	0		0
2119000	0		0
2120000	1		0.2559524970129132
2121000	1		0.0
2122000	1		0.0
2123000	0		0
2124000	2		1.8223509350791574
2125000	0		0
2126000	1		0.0
2127000	1		0.8719769660383463
2128000	0		0
2129000	1		0.595050829462707
2130000	0		0
2131000	0		0
2132000	0		0
2133000	1		0.0
2134000	1		0.0
2135000	1		0.0
2136000	0		0
2137000	1		0.0
2138000	0		0
2139000	0		0
2140000	0		0
2141000	1		3.328898413106799
2142000	2		3.165022729896009
2143000	2		1.4366191644221544
2144000	1		4.6312707625329494
2145000	0		0
2146000	0		0
2147000	2		2.485685843974352
2148000	1		0.0
2149000	0		0
2150000	0		0
2151000	0		0
2152000	1		0.0
2153000	0		0
2154000	1		0.12790970969945192
2155000	1		0.0
2156000	0		0
2157000	0		0
2158000	1		0.0
2159000	2		0.9161608964204788
2160000	0		0
2161000	0		0
2162000	0		0
2163000	2		2.566880289465189
2164000	2		0.39029755629599094
2165000	1		1.5928297331556678
2166000	2		1.6075046425685287
2167000	2		7.166938033886254
2168000	0		0
2169000	0		0
2170000	1		0.22833253722637892
2171000	0		0
2172000	0		0
2173000	0		0
2174000	0		0
2175000	1		0.0
2176000	0		0
2177000	1		0.7755837785080075
2178000	1		0.5810617543756962
2179000	2		1.4345971578732133
2180000	0		0
2181000	2		2.0950206061825156
2182000	1		1.164103914052248
2183000	1		0.0
2184000	1		0.8673900179564953
2185000	0		0
2186000	0		0
2187000	0		0
2188000	0		0
2189000	0		0
2190000	1		0.0
2191000	0		0
2192000	1		0.8215102041140199
2193000	0		0
2194000	0		0
2195000	2		5.201747745275497
2196000	1		0.0
2197000	1		0.0
2198000	2		4.146758059039712
2199000	0		0
2200000	0		0
2201000	0		0
2202000	1		0.0
2203000	1		0.0
2204000	2		0.6055651577189565
2205000	1		2.5036551794037223
2206000	1		1.796974429860711
2207000	1		0.12788702361285686
2208000	1		1.20265391189605
2209000	1		0.6251325132325292
2210000	1		0.0
2211000	1		0.0
2212000	0		0
2213000	0		0
2214000	1		0.0
2215000	0		0
2216000	0		0
2217000	0		0
2218000	0		0
2219000	0		0
2220000	0		0
2221000	1		0.0
2222000	2		1.5020760390907526
2223000	2		2.8875565007328987
2224000	1		0.0
2225000	2		0.0026920046657323837
2226000	0		0
2227000	0		0
2228000	3		0.8545838203281164
2229000	1		0.0
2230000	0		0
2231000	0		0
2232000	0		0
2233000	0		0
2234000	1		0.0
2235000	1		0.0
2236000	0		0
2237000	1		0.0
2238000	3		1.9323986787348986
2239000	1		0.7397317579016089
2240000	0		0
2241000	0		0
2242000	0		0
2243000	0		0
2244000	0		0
2245000	1		1.9212167169898748
2246000	2		2.3076969496905804
2247000	1		1.7813800126314163
2248000	1		1.0484635373577476
2249000	1		0.0
2250000	0		0
2251000	1		0.0
2252000	1		1.5347748072817922
2253000	0		0
2254000	1		0.0
2255000	0		0
2256000	0		0
2257000	1		1.3501592352986336
2258000	0		0
2259000	1		0.04268776345998049
2260000	1		0.47991583216935396
2261000	0		0
2262000	0		0
2263000	0		0
2264000	0		0
2265000	1		1.4424443459138274
2266000	0		0
2267000	1		0.0
2268000	4		4.309376782737672
2269000	1		1.8386523397639394
2270000	0		0
2271000	2		5.31174186617136
2272000	0		0
2273000	1		1.7156549589708447
2274000	0		0
2275000	0		0
2276000	2		4.944424314424396
2277000	0		0
2278000	2		3.0307489689439535
2279000	0		0
2280000	1		0.0
2281000	0		0
2282000	0		0
2283000	2		0.9449593620374799
2284000	1		0.0
2285000	0		0
2286000	1		0.0
2287000	0		0
2288000	1		0.08025097101926804
2289000	1		0.7504364475607872
2290000	0		0
2291000	0		0
2292000	0		0
2293000	0		0
2294000	1		0.0
2295000	1		1.130006954073906
2296000	0		0
2297000	3		0.6961055612191558
2298000	1		1.9239800488576293
2299000	1		0.0
2300000	1		0.0
2301000	1		0.5752435494214296
2302000	0		0
2303000	2		0.4266013167798519
2304000	1		0.0
2305000	1		0.0
2306000	0		0
2307000	0		0
2308000	1		0.0
2309000	1		0.0
2310000	1		0.0
2311000	1		1.0654437113553286
2312000	0		0
2313000	0		0
2314000	1		0.0
2315000	1		0.0
2316000	1		0.0
2317000	0		0
2318000	3		4.019097309559584
2319000	0		0
2320000	0		0
2321000	1		2.0212779669091105
2322000	1		1.3550870772451162
2323000	0		0
2324000	1		0.0
2325000	0		0
2326000	1		0.8451110813766718
2327000	0		0
2328000	1		1.5457660863175988
2329000	1		0.0
2330000	2		3.21191225014627
2331000	0		0
2332000	1		0.0
2333000	0		0
2334000	0		0
2335000	0		0
2336000	3		2.4563498124480247
2337000	2		0.10107837151736021
2338000	1		0.27472470700740814
2339000	0		0
2340000	0		0
2341000	1		0.0
2342000	0		0
2343000	0		0
2344000	1		1.1222788067534566
2345000	0		0
2346000	0		0
2347000	0		0
2348000	0		0
2349000	1		0.0
2350000	1		1.1365707963705063
2351000	0		0
2352000	1		0.0
2353000	1		1.8339142110198736
2354000	2		2.5358269196003675
2355000	1		0.0
2356000	0		0
2357000	1		0.0
2358000	0		0
2359000	1		0.0
2360000	0		0
2361000	0		0
2362000	1		0.0
2363000	1		0.0
2364000	1		3.5344627425074577
2365000	0		0
2366000	1		0.869503753259778
2367000	0		0
2368000	3		1.6650647521018982
2369000	1		1.1551525946706533
2370000	0		0
2371000	1		0.0
2372000	1		1.8915917202830315
2373000	0		0
2374000	0		0
2375000	0		0
2376000	1		0.3030358739197254
2377000	1		0.8061321470886469
2378000	0		0
2379000	1		1.5003993026912212
2380000	1		0.0
2381000	0		0
2382000	0		0
2383000	1		0.0
2384000	0		0
2385000	0		0
2386000	1		0.0
2387000	0		0
2388000	0		0
2389000	1		0.43379124999046326
2390000	1		3.69146223179996
2391000	1		0.7705796882510185
2392000	0		0
2393000	0		0
2394000	0		0
2395000	1		0.0854774210602045
2396000	0		0
2397000	1		1.1930126436054707
2398000	0		0
2399000	0		0
2400000	0		0
2401000	0		0
2402000	0		0
2403000	1		0.0
2404000	2		1.4421553332358599
2405000	1		0.465923435986042
2406000	0		0
2407000	0		0
2408000	1		1.1712423507124186
2409000	1		0.0
2410000	1		0.0
2411000	3		5.437127593904734
2412000	0		0
2413000	1		0.8500957880169153
2414000	0		0
2415000	0		0
2416000	2		1.8384096082299948
2417000	1		0.0
2418000	0		0
2419000	0		0
2420000	0		0
2421000	0		0
2422000	1		0.19073023460805416
2423000	0		0
2424000	1		0.0
2425000	0		0
2426000	1		0.23652272298932076
2427000	1		0.0
2428000	0		0
2429000	1		0.0
2430000	1		1.5102862566709518
2431000	0		0
2432000	0		0
2433000	0		0
2434000	2		3.491325255483389
2435000	0		0
2436000	1		0.0
2437000	0		0
2438000	1		0.0
2439000	1		2.8903754018247128
2440000	1		0.0
2441000	0		0
2442000	0		0
2443000	3		4.781557027250528
2444000	1		0.0
2445000	0		0
2446000	1		0.03184586949646473
2447000	0		0
2448000	1		1.325630720704794
2449000	1		0.0
2450000	2		1.6156743839383125
2451000	0		0
2452000	1		1.3361209034919739
2453000	2		1.279394781216979
2454000	3		4.531576439738274
2455000	1		0.0
2456000	0		0
2457000	0		0
2458000	1		0.15778914093971252
2459000	0		0
2460000	3		2.1734473258256912
2461000	0		0
2462000	2		3.4287414848804474
2463000	0		0
2464000	1		2.3154431078583
2465000	0		0
2466000	2		2.016355123370886
2467000	0		0
2468000	1		1.0413389094173908
2469000	0		0
2470000	0		0
2471000	3		1.2383670285344124
2472000	1		0.0
2473000	0		0
2474000	1		1.1882272996008396
2475000	0		0
2476000	1		1.410298665985465
2477000	0		0
2478000	0		0
2479000	3		1.9963440634310246
2480000	0		0
2481000	0		0
2482000	1		0.24285978637635708
2483000	1		0.0
2484000	0		0
2485000	1		0.0
2486000	0		0
2487000	0		0
2488000	0		0
2489000	1		0.0
2490000	1		0.0
2491000	2		6.891057651489973
2492000	0		0
2493000	1		1.3671205397695303
2494000	0		0
2495000	0		0
2496000	1		0.9065631106495857
2497000	1		0.0
2498000	0		0
2499000	0		0
2500000	1		3.270705383270979
2501000	0		0
2502000	0		0
2503000	0		0
2504000	0		0
2505000	0		0
2506000	1		1.3364589344710112
2507000	0		0
2508000	1		0.0
2509000	0		0
2510000	1		0.0
2511000	0		0
2512000	1		0.8995091244578362
2513000	0		0
2514000	1		2.4794576726853848
2515000	0		0
2516000	1		0.0
2517000	1		0.0
2518000	0		0
2519000	0		0
2520000	1		0.0
2521000	2		0.7901644520461559
2522000	0		0
2523000	2		1.3438887372612953
2524000	3		3.103993086144328
2525000	0		0
2526000	0		0
2527000	0		0
2528000	1		0.0
2529000	1		0.0
2530000	1		0.0
2531000	2		0.9277259279042482
2532000	0		0
2533000	1		0.0
2534000	0		0
2535000	0		0
2536000	1		0.0
2537000	2		4.849357880651951
2538000	1		0.0
2539000	0		0
2540000	1		0.0
2541000	0		0
2542000	1		1.7966389190405607
2543000	0		0
2544000	1		0.0
2545000	1		0.0
2546000	3		4.43984884954989
2547000	1		0.37921549566090107
2548000	1		1.9453491568565369
2549000	1		0.0
2550000	3		1.8579852413386106
2551000	0		0
2552000	2		0.8657323215156794
2553000	3		1.7601368371397257
2554000	0		0
2555000	0		0
2556000	1		0.0
2557000	0		0
2558000	1		0.0
2559000	1		0.0
2560000	0		0
2561000	1		1.436072750017047
2562000	0		0
2563000	0		0
2564000	0		0
2565000	2		0.8994285333901644
2566000	1		0.0
2567000	0		0
2568000	1		0.0
2569000	2		1.5456723049283028
2570000	1		0.0
2571000	1		2.0725559908896685
2572000	1		0.13113099336624146
2573000	1		1.1148538440465927
2574000	1		0.0
2575000	2		0.6943302303552628
2576000	0		0
2577000	1		0.0
2578000	0		0
2579000	1		1.718422096222639
2580000	1		0.0
2581000	0		0
2582000	0		0
2583000	1		5.827775606885552
2584000	0		0
2585000	1		0.0
2586000	1		0.0
2587000	0		0
2588000	1		0.0
2589000	4		4.055931054055691
2590000	1		1.3778398633003235
2591000	2		1.794954126700759
2592000	1		0.0
2593000	1		1.9530386254191399
2594000	1		0.1657081637531519
2595000	0		0
2596000	0		0
2597000	0		0
2598000	0		0
2599000	4		5.223227620124817
2600000	1		0.0
2601000	2		1.8627624493092299
2602000	0		0
2603000	1		1.2427342496812344
2604000	0		0
2605000	0		0
2606000	0		0
2607000	0		0
2608000	0		0
2609000	1		0.0
2610000	1		0.7229701187461615
2611000	0		0
2612000	1		0.7318928353488445
2613000	0		0
2614000	1		0.0
2615000	0		0
2616000	0		0
2617000	0		0
2618000	2		7.230099905282259
2619000	1		0.29361403174698353
2620000	1		0.8104438856244087
2621000	2		0.7333693914115429
2622000	1		0.0
2623000	1		0.5983248893171549
2624000	1		0.0
2625000	1		0.8846938796341419
2626000	0		0
2627000	1		0.11863127909600735
2628000	0		0
2629000	1		0.25221926905214787
2630000	1		0.0
2631000	0		0
2632000	2		0.7962661236524582
2633000	1		0.0
2634000	1		0.0
2635000	2		0.2920090965926647
2636000	1		0.0
2637000	1		0.0
2638000	0		0
2639000	0		0
2640000	2		0.8445372823625803
2641000	2		1.159732710570097
2642000	2		1.9930878095328808
2643000	1		0.6928294375538826
2644000	1		3.217566715553403
2645000	0		0
2646000	1		0.6407419256865978
2647000	0		0
2648000	1		2.0583131555467844
2649000	2		1.8929070010781288
2650000	1		1.2475080043077469
2651000	1		1.1412496697157621
2652000	2		0.1609902996569872
2653000	0		0
2654000	0		0
2655000	0		0
2656000	1		0.5443859118968248
2657000	0		0
2658000	2		2.242714650928974
2659000	0		0
2660000	0		0
2661000	1		0.0
2662000	0		0
2663000	1		0.4647256974130869
2664000	0		0
2665000	0		0
2666000	0		0
2667000	0		0
2668000	0		0
2669000	1		0.0
2670000	0		0
2671000	0		0
2672000	0		0
2673000	1		0.0
2674000	1		0.5968308094888926
2675000	0		0
2676000	0		0
2677000	0		0
2678000	1		0.0
2679000	2		0.7833088412880898
2680000	0		0
2681000	1		1.022655412554741
2682000	0		0
2683000	0		0
2684000	2		4.218585001304746
2685000	1		0.0
2686000	2		3.3991530146449804
2687000	0		0
2688000	1		0.32576703652739525
2689000	0		0
2690000	1		0.0
2691000	1		0.7700959965586662
2692000	0		0
2693000	0		0
2694000	0		0
2695000	1		1.5131932888180017
2696000	1		1.7888595405966043
2697000	1		0.0
2698000	0		0
2699000	0		0
2700000	0		0
2701000	0		0
2702000	2		2.8458032477647066
2703000	1		0.0
2704000	1		0.0
2705000	1		1.3805514387786388
2706000	1		3.166630996391177
2707000	1		0.0
2708000	1		1.0717541221529245
2709000	1		0.0
2710000	1		0.0
2711000	0		0
2712000	1		1.4313253127038479
2713000	0		0
2714000	2		2.808479765430093
2715000	0		0
2716000	1		1.6580634769052267
2717000	0		0
2718000	0		0
2719000	0		0
2720000	0		0
2721000	0		0
2722000	0		0
2723000	3		1.8131474386900663
2724000	0		0
2725000	1		0.0
2726000	1		0.5019947774708271
2727000	1		0.0
2728000	0		0
2729000	1		0.22829177416861057
2730000	2		1.8970843516290188
2731000	0		0
2732000	2		4.372324123978615
2733000	2		1.0979922525584698
2734000	1		0.002015473321080208
2735000	1		0.0
2736000	0		0
2737000	1		0.0
2738000	0		0
2739000	0		0
2740000	0		0
2741000	2		1.3464916106313467
2742000	1		0.0
2743000	0		0
2744000	2		2.706411376595497
2745000	1		3.0814246740192175
2746000	2		1.8358676116913557
2747000	1		0.37609261088073254
2748000	0		0
2749000	2		4.119076170027256
2750000	0		0
2751000	2		0.9633317906409502
2752000	0		0
2753000	1		1.9314430113881826
2754000	0		0
2755000	1		2.420694872736931
2756000	1		2.1397488117218018
2757000	2		1.1344314683228731
2758000	0		0
2759000	2		1.8949260488152504
2760000	0		0
2761000	1		0.3352522663772106
2762000	1		0.0
2763000	1		0.013778092339634895
2764000	2		0.8465836215764284
2765000	0		0
2766000	4		3.569663282483816
2767000	2		0.36839658580720425
2768000	0		0
2769000	0		0
2770000	1		0.0
2771000	1		0.0
2772000	1		0.0
2773000	0		0
2774000	1		1.6337070353329182
2775000	0		0
2776000	1		0.10128451697528362
2777000	1		0.9273366816341877
2778000	1		1.0714988838881254
2779000	1		1.2752135284245014
2780000	0		0
2781000	0		0
2782000	0		0
2783000	0		0
2784000	0		0
2785000	0		0
2786000	0		0
2787000	1		0.0
2788000	1		0.0
2789000	1		0.0
2790000	0		0
2791000	1		0.0
2792000	2		5.546635337173939
2793000	2		1.1820323001593351
2794000	2		0.2972679305821657
2795000	1		1.396612262353301
2796000	2		0.3604146931320429
2797000	1		0.16350617073476315
2798000	1		0.0
2799000	0		0
